-10	-10	-10.46864
-10	-9	-10.450401
-10	-8	-10.426161
-10	-7	-10.39976
-10	-6	-10.39206
-10	-5	-10.37542
-10	-4	-10.36758
-10	-3	-10.365701
-10	-2	-10.33838
-10	-1	-10.312241
-10	0	-10.288201
-10	1	-10.26674
-10	2	-10.30666
-10	3	-10.49484
-10	4	-10.763201
-10	5	-11.07498
-10	6	-11.40244
-10	7	-11.733821
-10	8	-12.060401
-10	9	-12.38118
-10	10	-12.68062
-10	11	-12.99306
-10	12	-13.28098
-10	13	-13.56228
-10	14	-13.83832
-10	15	-14.111061
-10	16	-14.36262
-10	17	-14.6189
-10	18	-14.86414
-10	19	-15.10484
-10	20	-15.335901
-10	21	-15.562421
-10	22	-15.778261
-10	23	-15.994561
-10	24	-16.204261
-10	25	-16.40616
-10	26	-16.59226
-10	27	-16.77938
-10	28	-16.95332
-10	29	-17.12752
-10	30	-17.284941
-10	31	-17.44432
-10	32	-17.59176
-10	33	-17.74116
-10	34	-17.87112
-10	35	-18.008
-10	36	-18.13616
-10	37	-18.26362
-10	38	-18.390241
-10	39	-18.51436
-10	40	-18.6323
-9	-10	-10.45008
-9	-9	-10.427141
-9	-8	-10.400721
-9	-7	-10.3833
-9	-6	-10.37504
-9	-5	-10.367741
-9	-4	-10.35878
-9	-3	-10.34246
-9	-2	-10.31494
-9	-1	-10.29168
-9	0	-10.26472
-9	1	-10.24424
-9	2	-10.28792
-9	3	-10.47544
-9	4	-10.75206
-9	5	-11.05882
-9	6	-11.38456
-9	7	-11.71976
-9	8	-12.042721
-9	9	-12.358301
-9	10	-12.67628
-9	11	-12.9739
-9	12	-13.264441
-9	13	-13.55366
-9	14	-13.82494
-9	15	-14.0866
-9	16	-14.34102
-9	17	-14.598681
-9	18	-14.84174
-9	19	-15.072201
-9	20	-15.306841
-9	21	-15.53306
-9	22	-15.74906
-9	23	-15.962021
-9	24	-16.1709
-9	25	-16.370421
-9	26	-16.56264
-9	27	-16.74982
-9	28	-16.93064
-9	29	-17.1017
-9	30	-17.264401
-9	31	-17.422621
-9	32	-17.574161
-9	33	-17.71414
-9	34	-17.85122
-9	35	-17.98714
-9	36	-18.11366
-9	37	-18.23838
-9	38	-18.36436
-9	39	-18.48782
-9	40	-18.6093
-8	-10	-10.42968
-8	-9	-10.4017
-8	-8	-10.38436
-8	-7	-10.373461
-8	-6	-10.37104
-8	-5	-10.35894
-8	-4	-10.33952
-8	-3	-10.31974
-8	-2	-10.28576
-8	-1	-10.25998
-8	0	-10.2467
-8	1	-10.228001
-8	2	-10.267741
-8	3	-10.438961
-8	4	-10.71836
-8	5	-11.03376
-8	6	-11.36618
-8	7	-11.6944
-8	8	-12.021921
-8	9	-12.347001
-8	10	-12.654981
-8	11	-12.95774
-8	12	-13.25486
-8	13	-13.53558
-8	14	-13.80728
-8	15	-14.073641
-8	16	-14.33022
-8	17	-14.584881
-8	18	-14.82468
-8	19	-15.06128
-8	20	-15.2936
-8	21	-15.51258
-8	22	-15.730641
-8	23	-15.939581
-8	24	-16.14568
-8	25	-16.34104
-8	26	-16.5347
-8	27	-16.721801
-8	28	-16.89898
-8	29	-17.07548
-8	30	-17.23608
-8	31	-17.39094
-8	32	-17.55012
-8	33	-17.68356
-8	34	-17.82124
-8	35	-17.961161
-8	36	-18.08948
-8	37	-18.22258
-8	38	-18.343
-8	39	-18.46282
-8	40	-18.59002
-7	-10	-10.4051
-7	-9	-10.3868
-7	-8	-10.37452
-7	-7	-10.37088
-7	-6	-10.35546
-7	-5	-10.336341
-7	-4	-10.31814
-7	-3	-10.28024
-7	-2	-10.260421
-7	-1	-10.24638
-7	0	-10.23506
-7	1	-10.20722
-7	2	-10.249741
-7	3	-10.415321
-7	4	-10.68668
-7	5	-11.0023
-7	6	-11.33026
-7	7	-11.6631
-7	8	-11.98788
-7	9	-12.31698
-7	10	-12.631281
-7	11	-12.93882
-7	12	-13.228861
-7	13	-13.5184
-7	14	-13.800081
-7	15	-14.069601
-7	16	-14.33482
-7	17	-14.58028
-7	18	-14.828401
-7	19	-15.05256
-7	20	-15.281461
-7	21	-15.50716
-7	22	-15.71812
-7	23	-15.93346
-7	24	-16.13216
-7	25	-16.32764
-7	26	-16.51908
-7	27	-16.7007
-7	28	-16.8794
-7	29	-17.05374
-7	30	-17.22064
-7	31	-17.373901
-7	32	-17.52644
-7	33	-17.66818
-7	34	-17.80392
-7	35	-17.939941
-7	36	-18.07224
-7	37	-18.2028
-7	38	-18.32446
-7	39	-18.45026
-7	40	-18.5678
-6	-10	-10.39296
-6	-9	-10.389581
-6	-8	-10.377321
-6	-7	-10.36242
-6	-6	-10.345821
-6	-5	-10.315041
-6	-4	-10.285301
-6	-3	-10.26618
-6	-2	-10.25248
-6	-1	-10.238321
-6	0	-10.20664
-6	1	-10.1696
-6	2	-10.198
-6	3	-10.38518
-6	4	-10.65922
-6	5	-10.97456
-6	6	-11.28926
-6	7	-11.6225
-6	8	-11.95816
-6	9	-12.277921
-6	10	-12.60194
-6	11	-12.90662
-6	12	-13.19826
-6	13	-13.485281
-6	14	-13.7753
-6	15	-14.0398
-6	16	-14.31812
-6	17	-14.57004
-6	18	-14.81238
-6	19	-15.053601
-6	20	-15.276201
-6	21	-15.501621
-6	22	-15.72278
-6	23	-15.929561
-6	24	-16.12604
-6	25	-16.322461
-6	26	-16.51258
-6	27	-16.696001
-6	28	-16.866481
-6	29	-17.03982
-6	30	-17.2017
-6	31	-17.36016
-6	32	-17.512021
-6	33	-17.65352
-6	34	-17.78356
-6	35	-17.921021
-6	36	-18.05564
-6	37	-18.18128
-6	38	-18.31236
-6	39	-18.43236
-6	40	-18.55666
-5	-10	-10.39168
-5	-9	-10.381281
-5	-8	-10.369201
-5	-7	-10.342021
-5	-6	-10.323121
-5	-5	-10.28864
-5	-4	-10.27706
-5	-3	-10.260201
-5	-2	-10.24294
-5	-1	-10.21894
-5	0	-10.179781
-5	1	-10.139601
-5	2	-10.182501
-5	3	-10.36832
-5	4	-10.6457
-5	5	-10.958001
-5	6	-11.2859
-5	7	-11.61016
-5	8	-11.9333
-5	9	-12.25018
-5	10	-12.566581
-5	11	-12.86916
-5	12	-13.17082
-5	13	-13.45716
-5	14	-13.737901
-5	15	-14.012521
-5	16	-14.278201
-5	17	-14.53516
-5	18	-14.793841
-5	19	-15.02964
-5	20	-15.2636
-5	21	-15.49022
-5	22	-15.70254
-5	23	-15.914281
-5	24	-16.117521
-5	25	-16.31654
-5	26	-16.503381
-5	27	-16.68714
-5	28	-16.86278
-5	29	-17.03404
-5	30	-17.19266
-5	31	-17.35222
-5	32	-17.50288
-5	33	-17.64208
-5	34	-17.77642
-5	35	-17.91338
-5	36	-18.04494
-5	37	-18.1769
-5	38	-18.29674
-5	39	-18.42038
-5	40	-18.543001
-4	-10	-10.389601
-4	-9	-10.377181
-4	-8	-10.358161
-4	-7	-10.3275
-4	-6	-10.30372
-4	-5	-10.2795
-4	-4	-10.268081
-4	-3	-10.25262
-4	-2	-10.229
-4	-1	-10.184281
-4	0	-10.153781
-4	1	-10.13278
-4	2	-10.17242
-4	3	-10.363801
-4	4	-10.63718
-4	5	-10.955421
-4	6	-11.2812
-4	7	-11.605001
-4	8	-11.92468
-4	9	-12.25136
-4	10	-12.54866
-4	11	-12.861161
-4	12	-13.1434
-4	13	-13.43986
-4	14	-13.71498
-4	15	-13.98966
-4	16	-14.251401
-4	17	-14.51676
-4	18	-14.765681
-4	19	-15.01008
-4	20	-15.239841
-4	21	-15.47462
-4	22	-15.687261
-4	23	-15.90832
-4	24	-16.110221
-4	25	-16.3106
-4	26	-16.496981
-4	27	-16.678741
-4	28	-16.85928
-4	29	-17.027701
-4	30	-17.19224
-4	31	-17.34674
-4	32	-17.49576
-4	33	-17.636621
-4	34	-17.77398
-4	35	-17.908601
-4	36	-18.034481
-4	37	-18.16622
-4	38	-18.29238
-4	39	-18.41394
-4	40	-18.53394
-3	-10	-10.399841
-3	-9	-10.372461
-3	-8	-10.35082
-3	-7	-10.32276
-3	-6	-10.311501
-3	-5	-10.29188
-3	-4	-10.272981
-3	-3	-10.253521
-3	-2	-10.21324
-3	-1	-10.17028
-3	0	-10.15398
-3	1	-10.12256
-3	2	-10.180861
-3	3	-10.365941
-3	4	-10.64252
-3	5	-10.94522
-3	6	-11.28224
-3	7	-11.604461
-3	8	-11.93088
-3	9	-12.24892
-3	10	-12.57062
-3	11	-12.86008
-3	12	-13.155501
-3	13	-13.440321
-3	14	-13.71056
-3	15	-13.97494
-3	16	-14.236061
-3	17	-14.493901
-3	18	-14.74346
-3	19	-14.980221
-3	20	-15.215121
-3	21	-15.4594
-3	22	-15.67346
-3	23	-15.892501
-3	24	-16.09956
-3	25	-16.30038
-3	26	-16.49034
-3	27	-16.678981
-3	28	-16.849881
-3	29	-17.02026
-3	30	-17.18926
-3	31	-17.3409
-3	32	-17.48636
-3	33	-17.63524
-3	34	-17.77578
-3	35	-17.90468
-3	36	-18.03922
-3	37	-18.17002
-3	38	-18.2902
-3	39	-18.40878
-3	40	-18.533921
-2	-10	-10.40718
-2	-9	-10.37908
-2	-8	-10.348221
-2	-7	-10.328421
-2	-6	-10.315421
-2	-5	-10.305881
-2	-4	-10.28158
-2	-3	-10.23412
-2	-2	-10.19932
-2	-1	-10.177901
-2	0	-10.15116
-2	1	-10.137621
-2	2	-10.169261
-2	3	-10.350741
-2	4	-10.62118
-2	5	-10.9381
-2	6	-11.27452
-2	7	-11.60534
-2	8	-11.935581
-2	9	-12.248281
-2	10	-12.56056
-2	11	-12.86618
-2	12	-13.16472
-2	13	-13.438881
-2	14	-13.7125
-2	15	-13.98558
-2	16	-14.24436
-2	17	-14.48912
-2	18	-14.740821
-2	19	-14.9826
-2	20	-15.21256
-2	21	-15.43674
-2	22	-15.665281
-2	23	-15.875561
-2	24	-16.08436
-2	25	-16.28538
-2	26	-16.478261
-2	27	-16.666981
-2	28	-16.8456
-2	29	-17.02304
-2	30	-17.183641
-2	31	-17.3455
-2	32	-17.4914
-2	33	-17.63698
-2	34	-17.77704
-2	35	-17.90652
-2	36	-18.039821
-2	37	-18.16284
-2	38	-18.2941
-2	39	-18.41238
-2	40	-18.53534
-1	-10	-10.40062
-1	-9	-10.377881
-1	-8	-10.3561
-1	-7	-10.332301
-1	-6	-10.318241
-1	-5	-10.29282
-1	-4	-10.26754
-1	-3	-10.22816
-1	-2	-10.19372
-1	-1	-10.18472
-1	0	-10.16412
-1	1	-10.13194
-1	2	-10.144661
-1	3	-10.327581
-1	4	-10.59742
-1	5	-10.926501
-1	6	-11.27332
-1	7	-11.597881
-1	8	-11.93452
-1	9	-12.260941
-1	10	-12.57194
-1	11	-12.87478
-1	12	-13.17702
-1	13	-13.463121
-1	14	-13.7323
-1	15	-14.00408
-1	16	-14.25744
-1	17	-14.511921
-1	18	-14.751821
-1	19	-14.984581
-1	20	-15.21428
-1	21	-15.44392
-1	22	-15.662681
-1	23	-15.87752
-1	24	-16.080921
-1	25	-16.29074
-1	26	-16.48058
-1	27	-16.67564
-1	28	-16.84808
-1	29	-17.027161
-1	30	-17.191661
-1	31	-17.34724
-1	32	-17.50774
-1	33	-17.65124
-1	34	-17.788121
-1	35	-17.91846
-1	36	-18.04472
-1	37	-18.18184
-1	38	-18.302961
-1	39	-18.43066
-1	40	-18.545781
0	-10	-10.39586
0	-9	-10.381161
0	-8	-10.363881
0	-7	-10.3537
0	-6	-10.334101
0	-5	-10.304781
0	-4	-10.25724
0	-3	-10.2285
0	-2	-10.214421
0	-1	-10.20052
0	0	-10.18434
0	1	-10.122341
0	2	-10.14564
0	3	-10.324661
0	4	-10.605961
0	5	-10.91276
0	6	-11.250341
0	7	-11.58864
0	8	-11.921081
0	9	-12.25432
0	10	-12.57804
0	11	-12.900461
0	12	-13.1974
0	13	-13.475541
0	14	-13.75596
0	15	-14.020741
0	16	-14.27576
0	17	-14.530521
0	18	-14.785141
0	19	-15.0147
0	20	-15.24418
0	21	-15.475341
0	22	-15.681281
0	23	-15.892161
0	24	-16.10754
0	25	-16.306341
0	26	-16.505001
0	27	-16.682461
0	28	-16.876061
0	29	-17.050061
0	30	-17.21332
0	31	-17.36532
0	32	-17.51792
0	33	-17.66954
0	34	-17.806241
0	35	-17.93332
0	36	-18.07318
0	37	-18.19858
0	38	-18.32594
0	39	-18.44808
0	40	-18.5648
1	-10	-10.42224
1	-9	-10.397921
1	-8	-10.394241
1	-7	-10.382481
1	-6	-10.35588
1	-5	-10.323121
1	-4	-10.27926
1	-3	-10.26588
1	-2	-10.25014
1	-1	-10.239461
1	0	-10.210541
1	1	-10.145741
1	2	-10.151761
1	3	-10.3491
1	4	-10.61342
1	5	-10.946061
1	6	-11.27834
1	7	-11.60494
1	8	-11.93448
1	9	-12.277141
1	10	-12.58796
1	11	-12.91402
1	12	-13.238241
1	13	-13.525901
1	14	-13.79964
1	15	-14.064421
1	16	-14.326601
1	17	-14.5736
1	18	-14.82026
1	19	-15.06314
1	20	-15.28578
1	21	-15.505041
1	22	-15.726941
1	23	-15.935681
1	24	-16.15084
1	25	-16.34328
1	26	-16.53414
1	27	-16.726461
1	28	-16.90262
1	29	-17.07912
1	30	-17.252101
1	31	-17.40572
1	32	-17.56164
1	33	-17.70494
1	34	-17.842761
1	35	-17.98016
1	36	-18.110021
1	37	-18.24
1	38	-18.367141
1	39	-18.49104
1	40	-18.6122
2	-10	-10.47548
2	-9	-10.45044
2	-8	-10.4413
2	-7	-10.43096
2	-6	-10.409
2	-5	-10.36504
2	-4	-10.32658
2	-3	-10.3009
2	-2	-10.283661
2	-1	-10.2791
2	0	-10.256481
2	1	-10.19658
2	2	-10.211681
2	3	-10.3892
2	4	-10.668981
2	5	-10.98296
2	6	-11.32208
2	7	-11.63968
2	8	-11.997901
2	9	-12.326521
2	10	-12.653261
2	11	-12.95504
2	12	-13.265741
2	13	-13.56274
2	14	-13.836641
2	15	-14.11222
2	16	-14.371801
2	17	-14.623661
2	18	-14.86448
2	19	-15.10614
2	20	-15.329121
2	21	-15.54982
2	22	-15.777941
2	23	-15.97772
2	24	-16.1889
2	25	-16.38468
2	26	-16.58474
2	27	-16.77148
2	28	-16.950821
2	29	-17.12404
2	30	-17.29514
2	31	-17.462921
2	32	-17.61268
2	33	-17.75682
2	34	-17.8952
2	35	-18.03466
2	36	-18.162181
2	37	-18.291521
2	38	-18.416801
2	39	-18.5354
2	40	-18.6572
3	-10	-10.529921
3	-9	-10.51318
3	-8	-10.49646
3	-7	-10.472881
3	-6	-10.44524
3	-5	-10.427341
3	-4	-10.38892
3	-3	-10.3552
3	-2	-10.332921
3	-1	-10.31136
3	0	-10.29296
3	1	-10.255761
3	2	-10.27232
3	3	-10.448361
3	4	-10.72596
3	5	-11.037781
3	6	-11.378
3	7	-11.70988
3	8	-12.05726
3	9	-12.38156
3	10	-12.7052
3	11	-13.01618
3	12	-13.31216
3	13	-13.60118
3	14	-13.88096
3	15	-14.151061
3	16	-14.4173
3	17	-14.663221
3	18	-14.90848
3	19	-15.1484
3	20	-15.37482
3	21	-15.59722
3	22	-15.80964
3	23	-16.024461
3	24	-16.23648
3	25	-16.443741
3	26	-16.62974
3	27	-16.818641
3	28	-17.007441
3	29	-17.17798
3	30	-17.342921
3	31	-17.50654
3	32	-17.65742
3	33	-17.80414
3	34	-17.94862
3	35	-18.079901
3	36	-18.21508
3	37	-18.33942
3	38	-18.46936
3	39	-18.58464
3	40	-18.70434
4	-10	-10.586661
4	-9	-10.561481
4	-8	-10.53586
4	-7	-10.516481
4	-6	-10.48526
4	-5	-10.46176
4	-4	-10.43852
4	-3	-10.407441
4	-2	-10.373041
4	-1	-10.338161
4	0	-10.32002
4	1	-10.295761
4	2	-10.335221
4	3	-10.51866
4	4	-10.799801
4	5	-11.108941
4	6	-11.442721
4	7	-11.778441
4	8	-12.10368
4	9	-12.43214
4	10	-12.75098
4	11	-13.05598
4	12	-13.354181
4	13	-13.640301
4	14	-13.918041
4	15	-14.1918
4	16	-14.45014
4	17	-14.70682
4	18	-14.9464
4	19	-15.187401
4	20	-15.416961
4	21	-15.645561
4	22	-15.866521
4	23	-16.079041
4	24	-16.285261
4	25	-16.487861
4	26	-16.681521
4	27	-16.873701
4	28	-17.0578
4	29	-17.236341
4	30	-17.399521
4	31	-17.561601
4	32	-17.71316
4	33	-17.8529
4	34	-17.99788
4	35	-18.12986
4	36	-18.26258
4	37	-18.38954
4	38	-18.51106
4	39	-18.632
4	40	-18.74962
5	-10	-10.61964
5	-9	-10.607821
5	-8	-10.589841
5	-7	-10.54582
5	-6	-10.52104
5	-5	-10.503961
5	-4	-10.48604
5	-3	-10.47048
5	-2	-10.42774
5	-1	-10.37348
5	0	-10.349541
5	1	-10.33106
5	2	-10.37644
5	3	-10.571601
5	4	-10.84022
5	5	-11.15974
5	6	-11.48874
5	7	-11.82526
5	8	-12.1468
5	9	-12.47316
5	10	-12.78372
5	11	-13.08314
5	12	-13.38532
5	13	-13.67034
5	14	-13.95598
5	15	-14.236921
5	16	-14.49066
5	17	-14.75322
5	18	-15.002141
5	19	-15.236241
5	20	-15.476341
5	21	-15.699061
5	22	-15.922461
5	23	-16.136761
5	24	-16.346901
5	25	-16.54756
5	26	-16.744781
5	27	-16.9279
5	28	-17.115081
5	29	-17.27942
5	30	-17.448861
5	31	-17.61438
5	32	-17.75932
5	33	-17.9115
5	34	-18.04614
5	35	-18.1844
5	36	-18.30882
5	37	-18.43906
5	38	-18.55864
5	39	-18.677381
5	40	-18.7906
6	-10	-10.67172
6	-9	-10.65694
6	-8	-10.6354
6	-7	-10.588741
6	-6	-10.56298
6	-5	-10.54158
6	-4	-10.5311
6	-3	-10.51726
6	-2	-10.491801
6	-1	-10.43922
6	0	-10.40092
6	1	-10.372161
6	2	-10.41478
6	3	-10.61178
6	4	-10.88718
6	5	-11.1981
6	6	-11.52566
6	7	-11.85796
6	8	-12.19046
6	9	-12.51202
6	10	-12.8198
6	11	-13.133561
6	12	-13.42352
6	13	-13.71864
6	14	-13.999761
6	15	-14.270481
6	16	-14.54192
6	17	-14.80906
6	18	-15.051601
6	19	-15.298381
6	20	-15.532141
6	21	-15.762261
6	22	-15.9823
6	23	-16.1991
6	24	-16.40334
6	25	-16.60584
6	26	-16.79914
6	27	-16.98378
6	28	-17.16722
6	29	-17.33882
6	30	-17.50904
6	31	-17.660501
6	32	-17.81336
6	33	-17.95896
6	34	-18.096961
6	35	-18.22758
6	36	-18.35768
6	37	-18.478
6	38	-18.6033
6	39	-18.71872
6	40	-18.83284
7	-10	-10.7139
7	-9	-10.706841
7	-8	-10.68712
7	-7	-10.648101
7	-6	-10.61692
7	-5	-10.58802
7	-4	-10.574061
7	-3	-10.55932
7	-2	-10.534641
7	-1	-10.495641
7	0	-10.451921
7	1	-10.413261
7	2	-10.454401
7	3	-10.64682
7	4	-10.928241
7	5	-11.238981
7	6	-11.564521
7	7	-11.901561
7	8	-12.230401
7	9	-12.5527
7	10	-12.868121
7	11	-13.164141
7	12	-13.47464
7	13	-13.76042
7	14	-14.04278
7	15	-14.324481
7	16	-14.60014
7	17	-14.86222
7	18	-15.11166
7	19	-15.358861
7	20	-15.597281
7	21	-15.819241
7	22	-16.03604
7	23	-16.25026
7	24	-16.45674
7	25	-16.654161
7	26	-16.84246
7	27	-17.02722
7	28	-17.20382
7	29	-17.3815
7	30	-17.54644
7	31	-17.69858
7	32	-17.85252
7	33	-17.9965
7	34	-18.13342
7	35	-18.2698
7	36	-18.40212
7	37	-18.52142
7	38	-18.638461
7	39	-18.757921
7	40	-18.87236
8	-10	-10.748381
8	-9	-10.74276
8	-8	-10.720681
8	-7	-10.69734
8	-6	-10.663421
8	-5	-10.63196
8	-4	-10.6102
8	-3	-10.595501
8	-2	-10.569461
8	-1	-10.5351
8	0	-10.505761
8	1	-10.465721
8	2	-10.496921
8	3	-10.6948
8	4	-10.971621
8	5	-11.286521
8	6	-11.617601
8	7	-11.94482
8	8	-12.26934
8	9	-12.593441
8	10	-12.9025
8	11	-13.218041
8	12	-13.5231
8	13	-13.816881
8	14	-14.103101
8	15	-14.38626
8	16	-14.6522
8	17	-14.91482
8	18	-15.16464
8	19	-15.399681
8	20	-15.63178
8	21	-15.863461
8	22	-16.07136
8	23	-16.28386
8	24	-16.49
8	25	-16.684621
8	26	-16.873
8	27	-17.05582
8	28	-17.2368
8	29	-17.407601
8	30	-17.57808
8	31	-17.735341
8	32	-17.89008
8	33	-18.03008
8	34	-18.16766
8	35	-18.3031
8	36	-18.42778
8	37	-18.55518
8	38	-18.673161
8	39	-18.792621
8	40	-18.906461
9	-10	-10.78536
9	-9	-10.773321
9	-8	-10.7521
9	-7	-10.72466
9	-6	-10.70348
9	-5	-10.671941
9	-4	-10.65244
9	-3	-10.63156
9	-2	-10.60136
9	-1	-10.56204
9	0	-10.53376
9	1	-10.5126
9	2	-10.556441
9	3	-10.73808
9	4	-11.01984
9	5	-11.3338
9	6	-11.661941
9	7	-11.99338
9	8	-12.328681
9	9	-12.64662
9	10	-12.96192
9	11	-13.266661
9	12	-13.567481
9	13	-13.85818
9	14	-14.14586
9	15	-14.41934
9	16	-14.691201
9	17	-14.948661
9	18	-15.19998
9	19	-15.43186
9	20	-15.664901
9	21	-15.88732
9	22	-16.10868
9	23	-16.31662
9	24	-16.518821
9	25	-16.714641
9	26	-16.906081
9	27	-17.09156
9	28	-17.26952
9	29	-17.4434
9	30	-17.60082
9	31	-17.7681
9	32	-17.91448
9	33	-18.06192
9	34	-18.205341
9	35	-18.329901
9	36	-18.46172
9	37	-18.58764
9	38	-18.70806
9	39	-18.82534
9	40	-18.93736
10	-10	-10.81924
10	-9	-10.80302
10	-8	-10.784
10	-7	-10.75472
10	-6	-10.730761
10	-5	-10.713341
10	-4	-10.691961
10	-3	-10.6678
10	-2	-10.63438
10	-1	-10.59724
10	0	-10.56706
10	1	-10.54752
10	2	-10.592501
10	3	-10.780801
10	4	-11.06204
10	5	-11.373941
10	6	-11.704121
10	7	-12.0334
10	8	-12.36192
10	9	-12.67406
10	10	-12.99454
10	11	-13.30614
10	12	-13.6071
10	13	-13.896601
10	14	-14.17204
10	15	-14.445061
10	16	-14.716281
10	17	-14.975581
10	18	-15.22018
10	19	-15.460981
10	20	-15.693001
10	21	-15.912561
10	22	-16.139401
10	23	-16.340421
10	24	-16.55068
10	25	-16.748641
10	26	-16.93766
10	27	-17.12732
10	28	-17.30592
10	29	-17.47176
10	30	-17.63942
10	31	-17.80048
10	32	-17.95306
10	33	-18.09954
10	34	-18.2381
10	35	-18.37142
10	36	-18.494601
10	37	-18.61906
10	38	-18.736681
10	39	-18.85734
10	40	-18.96786
11	-10	-10.85324
11	-9	-10.841181
11	-8	-10.80786
11	-7	-10.782361
11	-6	-10.762021
11	-5	-10.74304
11	-4	-10.7254
11	-3	-10.710601
11	-2	-10.67668
11	-1	-10.627261
11	0	-10.594001
11	1	-10.576501
11	2	-10.62428
11	3	-10.814701
11	4	-11.09466
11	5	-11.40014
11	6	-11.738461
11	7	-12.06788
11	8	-12.38382
11	9	-12.71746
11	10	-13.02394
11	11	-13.330421
11	12	-13.63242
11	13	-13.91524
11	14	-14.19688
11	15	-14.4743
11	16	-14.74428
11	17	-15.00142
11	18	-15.25246
11	19	-15.48762
11	20	-15.72126
11	21	-15.949001
11	22	-16.169161
11	23	-16.37832
11	24	-16.58698
11	25	-16.7901
11	26	-16.978001
11	27	-17.16096
11	28	-17.34604
11	29	-17.51728
11	30	-17.68234
11	31	-17.84108
11	32	-17.99484
11	33	-18.133481
11	34	-18.27786
11	35	-18.410661
11	36	-18.53764
11	37	-18.655821
11	38	-18.77624
11	39	-18.89192
11	40	-19.0061
12	-10	-10.89716
12	-9	-10.88746
12	-8	-10.85302
12	-7	-10.81978
12	-6	-10.79244
12	-5	-10.77584
12	-4	-10.761981
12	-3	-10.748981
12	-2	-10.715241
12	-1	-10.661921
12	0	-10.62352
12	1	-10.596901
12	2	-10.649601
12	3	-10.8446
12	4	-11.113881
12	5	-11.42678
12	6	-11.757161
12	7	-12.092241
12	8	-12.41524
12	9	-12.736821
12	10	-13.052101
12	11	-13.360301
12	12	-13.653221
12	13	-13.94964
12	14	-14.227101
12	15	-14.502741
12	16	-14.76862
12	17	-15.03664
12	18	-15.28278
12	19	-15.523061
12	20	-15.76274
12	21	-15.98626
12	22	-16.20442
12	23	-16.42128
12	24	-16.62942
12	25	-16.825341
12	26	-17.0163
12	27	-17.2054
12	28	-17.38098
12	29	-17.55836
12	30	-17.72546
12	31	-17.883001
12	32	-18.033601
12	33	-18.178801
12	34	-18.314601
12	35	-18.44602
12	36	-18.5726
12	37	-18.69366
12	38	-18.81196
12	39	-18.930601
12	40	-19.03958
13	-10	-10.923201
13	-9	-10.91552
13	-8	-10.890281
13	-7	-10.8595
13	-6	-10.827861
13	-5	-10.800061
13	-4	-10.791621
13	-3	-10.776281
13	-2	-10.742701
13	-1	-10.70132
13	0	-10.65924
13	1	-10.63066
13	2	-10.67548
13	3	-10.86768
13	4	-11.145021
13	5	-11.46006
13	6	-11.79264
13	7	-12.123381
13	8	-12.447041
13	9	-12.76952
13	10	-13.081541
13	11	-13.38596
13	12	-13.68862
13	13	-13.97714
13	14	-14.257621
13	15	-14.53646
13	16	-14.80204
13	17	-15.066841
13	18	-15.32036
13	19	-15.569221
13	20	-15.80598
13	21	-16.0332
13	22	-16.249861
13	23	-16.46106
13	24	-16.66206
13	25	-16.86062
13	26	-17.05664
13	27	-17.2427
13	28	-17.42206
13	29	-17.59402
13	30	-17.760641
13	31	-17.91546
13	32	-18.070761
13	33	-18.21096
13	34	-18.350541
13	35	-18.4813
13	36	-18.60446
13	37	-18.72716
13	38	-18.84746
13	39	-18.96084
13	40	-19.073321
14	-10	-10.950381
14	-9	-10.93618
14	-8	-10.916801
14	-7	-10.886181
14	-6	-10.8568
14	-5	-10.8309
14	-4	-10.81892
14	-3	-10.796041
14	-2	-10.761501
14	-1	-10.72588
14	0	-10.6987
14	1	-10.6723
14	2	-10.71418
14	3	-10.901801
14	4	-11.173561
14	5	-11.494301
14	6	-11.821041
14	7	-12.155521
14	8	-12.48352
14	9	-12.801321
14	10	-13.1166
14	11	-13.420741
14	12	-13.72086
14	13	-14.00636
14	14	-14.2883
14	15	-14.5745
14	16	-14.846681
14	17	-15.10302
14	18	-15.3579
14	19	-15.60044
14	20	-15.83816
14	21	-16.063201
14	22	-16.28146
14	23	-16.490301
14	24	-16.70174
14	25	-16.89396
14	26	-17.086181
14	27	-17.26858
14	28	-17.44978
14	29	-17.61762
14	30	-17.7829
14	31	-17.94282
14	32	-18.08994
14	33	-18.236521
14	34	-18.375221
14	35	-18.50232
14	36	-18.62824
14	37	-18.7531
14	38	-18.86764
14	39	-18.986701
14	40	-19.097641
15	-10	-10.97478
15	-9	-10.95646
15	-8	-10.93908
15	-7	-10.90878
15	-6	-10.88372
15	-5	-10.860881
15	-4	-10.841461
15	-3	-10.821201
15	-2	-10.78272
15	-1	-10.74408
15	0	-10.71642
15	1	-10.7052
15	2	-10.743541
15	3	-10.9344
15	4	-11.21208
15	5	-11.52272
15	6	-11.85372
15	7	-12.19276
15	8	-12.51564
15	9	-12.839821
15	10	-13.15306
15	11	-13.456181
15	12	-13.755881
15	13	-14.044901
15	14	-14.329361
15	15	-14.60504
15	16	-14.87392
15	17	-15.131681
15	18	-15.382141
15	19	-15.62978
15	20	-15.8621
15	21	-16.0823
15	22	-16.3096
15	23	-16.51742
15	24	-16.721721
15	25	-16.91672
15	26	-17.10576
15	27	-17.29164
15	28	-17.471
15	29	-17.6361
15	30	-17.8051
15	31	-17.960981
15	32	-18.1131
15	33	-18.25718
15	34	-18.3962
15	35	-18.52498
15	36	-18.65184
15	37	-18.77216
15	38	-18.889481
15	39	-19.00646
15	40	-19.117141
16	-10	-10.98958
16	-9	-10.9754
16	-8	-10.95482
16	-7	-10.92894
16	-6	-10.90404
16	-5	-10.88372
16	-4	-10.87558
16	-3	-10.847881
16	-2	-10.809781
16	-1	-10.769861
16	0	-10.74572
16	1	-10.7286
16	2	-10.7742
16	3	-10.968201
16	4	-11.2453
16	5	-11.55798
16	6	-11.8885
16	7	-12.21892
16	8	-12.54544
16	9	-12.865521
16	10	-13.179481
16	11	-13.48792
16	12	-13.780541
16	13	-14.071801
16	14	-14.35084
16	15	-14.6269
16	16	-14.88854
16	17	-15.15282
16	18	-15.4104
16	19	-15.6513
16	20	-15.875961
16	21	-16.10688
16	22	-16.32172
16	23	-16.53302
16	24	-16.73698
16	25	-16.93718
16	26	-17.12476
16	27	-17.31034
16	28	-17.48862
16	29	-17.65952
16	30	-17.8242
16	31	-17.98236
16	32	-18.13388
16	33	-18.27588
16	34	-18.41378
16	35	-18.54982
16	36	-18.67362
16	37	-18.79266
16	38	-18.91028
16	39	-19.022661
16	40	-19.13598
17	-10	-11.019621
17	-9	-11.00206
17	-8	-10.98084
17	-7	-10.948501
17	-6	-10.9305
17	-5	-10.9109
17	-4	-10.90314
17	-3	-10.87782
17	-2	-10.84082
17	-1	-10.80086
17	0	-10.77128
17	1	-10.755041
17	2	-10.807201
17	3	-10.992501
17	4	-11.26872
17	5	-11.580581
17	6	-11.908841
17	7	-12.24422
17	8	-12.573361
17	9	-12.892541
17	10	-13.204821
17	11	-13.50542
17	12	-13.795721
17	13	-14.089501
17	14	-14.36762
17	15	-14.644761
17	16	-14.910321
17	17	-15.17514
17	18	-15.4205
17	19	-15.66828
17	20	-15.89648
17	21	-16.12344
17	22	-16.343681
17	23	-16.55466
17	24	-16.76576
17	25	-16.95726
17	26	-17.145481
17	27	-17.3286
17	28	-17.511681
17	29	-17.68338
17	30	-17.847981
17	31	-18.00826
17	32	-18.15556
17	33	-18.301161
17	34	-18.43574
17	35	-18.57418
17	36	-18.69658
17	37	-18.81566
17	38	-18.93042
17	39	-19.0471
17	40	-19.15898
18	-10	-11.049561
18	-9	-11.03486
18	-8	-11.00952
18	-7	-10.97606
18	-6	-10.952241
18	-5	-10.94086
18	-4	-10.931121
18	-3	-10.90548
18	-2	-10.86904
18	-1	-10.827941
18	0	-10.79758
18	1	-10.77618
18	2	-10.828001
18	3	-11.01396
18	4	-11.2947
18	5	-11.60466
18	6	-11.93394
18	7	-12.26182
18	8	-12.590121
18	9	-12.907401
18	10	-13.2222
18	11	-13.52558
18	12	-13.822461
18	13	-14.105181
18	14	-14.391161
18	15	-14.66692
18	16	-14.93456
18	17	-15.19074
18	18	-15.443941
18	19	-15.68356
18	20	-15.919121
18	21	-16.148041
18	22	-16.367821
18	23	-16.579701
18	24	-16.78528
18	25	-16.988921
18	26	-17.17274
18	27	-17.362541
18	28	-17.53994
18	29	-17.709781
18	30	-17.87492
18	31	-18.036201
18	32	-18.185841
18	33	-18.328
18	34	-18.46968
18	35	-18.593861
18	36	-18.7233
18	37	-18.84296
18	38	-18.96316
18	39	-19.074741
18	40	-19.182801
19	-10	-11.06938
19	-9	-11.05574
19	-8	-11.028641
19	-7	-10.99904
19	-6	-10.97472
19	-5	-10.9604
19	-4	-10.95114
19	-3	-10.935781
19	-2	-10.892001
19	-1	-10.84914
19	0	-10.820021
19	1	-10.799841
19	2	-10.84272
19	3	-11.03368
19	4	-11.308321
19	5	-11.63044
19	6	-11.96068
19	7	-12.28908
19	8	-12.613821
19	9	-12.92924
19	10	-13.243521
19	11	-13.545261
19	12	-13.84344
19	13	-14.129641
19	14	-14.410741
19	15	-14.69058
19	16	-14.96066
19	17	-15.212281
19	18	-15.4715
19	19	-15.71214
19	20	-15.94534
19	21	-16.17392
19	22	-16.39394
19	23	-16.607981
19	24	-16.81256
19	25	-17.0149
19	26	-17.20354
19	27	-17.38886
19	28	-17.5655
19	29	-17.737561
19	30	-17.90082
19	31	-18.064761
19	32	-18.21834
19	33	-18.35982
19	34	-18.49544
19	35	-18.62456
19	36	-18.75062
19	37	-18.87286
19	38	-18.9861
19	39	-19.0996
19	40	-19.210161
20	-10	-11.086401
20	-9	-11.07428
20	-8	-11.052461
20	-7	-11.01894
20	-6	-10.994701
20	-5	-10.9815
20	-4	-10.97166
20	-3	-10.951721
20	-2	-10.913821
20	-1	-10.87426
20	0	-10.84896
20	1	-10.82008
20	2	-10.865261
20	3	-11.056421
20	4	-11.330241
20	5	-11.64536
20	6	-11.97234
20	7	-12.3062
20	8	-12.6329
20	9	-12.95212
20	10	-13.2654
20	11	-13.5749
20	12	-13.865761
20	13	-14.157101
20	14	-14.43712
20	15	-14.71498
20	16	-14.984981
20	17	-15.24194
20	18	-15.4948
20	19	-15.74138
20	20	-15.97446
20	21	-16.201721
20	22	-16.422521
20	23	-16.635541
20	24	-16.84018
20	25	-17.03948
20	26	-17.23018
20	27	-17.411061
20	28	-17.59378
20	29	-17.765521
20	30	-17.92842
20	31	-18.08646
20	32	-18.23814
20	33	-18.38198
20	34	-18.521341
20	35	-18.649061
20	36	-18.77812
20	37	-18.89602
20	38	-19.01638
20	39	-19.127461
20	40	-19.2371
21	-10	-11.10238
21	-9	-11.091841
21	-8	-11.06832
21	-7	-11.042901
21	-6	-11.016301
21	-5	-10.9977
21	-4	-10.988181
21	-3	-10.958761
21	-2	-10.925641
21	-1	-10.8853
21	0	-10.8695
21	1	-10.846521
21	2	-10.88678
21	3	-11.08296
21	4	-11.3481
21	5	-11.671661
21	6	-12.001261
21	7	-12.32674
21	8	-12.661661
21	9	-12.983101
21	10	-13.28902
21	11	-13.600721
21	12	-13.896841
21	13	-14.181801
21	14	-14.4641
21	15	-14.73802
21	16	-15.00418
21	17	-15.26294
21	18	-15.51394
21	19	-15.764801
21	20	-15.99332
21	21	-16.224501
21	22	-16.44144
21	23	-16.656761
21	24	-16.86204
21	25	-17.06086
21	26	-17.25228
21	27	-17.43934
21	28	-17.61206
21	29	-17.7828
21	30	-17.951901
21	31	-18.10788
21	32	-18.2571
21	33	-18.40532
21	34	-18.5421
21	35	-18.67072
21	36	-18.79626
21	37	-18.91984
21	38	-19.03466
21	39	-19.15058
21	40	-19.25962
22	-10	-11.11612
22	-9	-11.10416
22	-8	-11.082721
22	-7	-11.05774
22	-6	-11.03848
22	-5	-11.01958
22	-4	-11.00242
22	-3	-10.976861
22	-2	-10.942861
22	-1	-10.905721
22	0	-10.88888
22	1	-10.867081
22	2	-10.9099
22	3	-11.09808
22	4	-11.374381
22	5	-11.692161
22	6	-12.02142
22	7	-12.3571
22	8	-12.681741
22	9	-13.001061
22	10	-13.316841
22	11	-13.6223
22	12	-13.917561
22	13	-14.20836
22	14	-14.48644
22	15	-14.762061
22	16	-15.025561
22	17	-15.28646
22	18	-15.538581
22	19	-15.78076
22	20	-16.017701
22	21	-16.240981
22	22	-16.46228
22	23	-16.673281
22	24	-16.87912
22	25	-17.075021
22	26	-17.26574
22	27	-17.45186
22	28	-17.63428
22	29	-17.802461
22	30	-17.96508
22	31	-18.12392
22	32	-18.27486
22	33	-18.417341
22	34	-18.5567
22	35	-18.687721
22	36	-18.81288
22	37	-18.93248
22	38	-19.05306
22	39	-19.16336
22	40	-19.2744
23	-10	-11.130261
23	-9	-11.11582
23	-8	-11.09886
23	-7	-11.07526
23	-6	-11.05748
23	-5	-11.0442
23	-4	-11.02296
23	-3	-11.000881
23	-2	-10.96488
23	-1	-10.9265
23	0	-10.906401
23	1	-10.88778
23	2	-10.929101
23	3	-11.11906
23	4	-11.395941
23	5	-11.70874
23	6	-12.04414
23	7	-12.37668
23	8	-12.698841
23	9	-13.024541
23	10	-13.343741
23	11	-13.64126
23	12	-13.934001
23	13	-14.220081
23	14	-14.506041
23	15	-14.777081
23	16	-15.04416
23	17	-15.30334
23	18	-15.55762
23	19	-15.796941
23	20	-16.030021
23	21	-16.255941
23	22	-16.47682
23	23	-16.686621
23	24	-16.88788
23	25	-17.0885
23	26	-17.280261
23	27	-17.46482
23	28	-17.6469
23	29	-17.817501
23	30	-17.98336
23	31	-18.13982
23	32	-18.29006
23	33	-18.4318
23	34	-18.57176
23	35	-18.70478
23	36	-18.8289
23	37	-18.94896
23	38	-19.06656
23	39	-19.18004
23	40	-19.287301
24	-10	-11.1484
24	-9	-11.131101
24	-8	-11.117841
24	-7	-11.08952
24	-6	-11.0728
24	-5	-11.059621
24	-4	-11.04556
24	-3	-11.019721
24	-2	-10.98698
24	-1	-10.946781
24	0	-10.92618
24	1	-10.907301
24	2	-10.951441
24	3	-11.140781
24	4	-11.4074
24	5	-11.7292
24	6	-12.059801
24	7	-12.387821
24	8	-12.71644
24	9	-13.03626
24	10	-13.35462
24	11	-13.655321
24	12	-13.950461
24	13	-14.244381
24	14	-14.518901
24	15	-14.79226
24	16	-15.058661
24	17	-15.323161
24	18	-15.56668
24	19	-15.8128
24	20	-16.044541
24	21	-16.270321
24	22	-16.49374
24	23	-16.70186
24	24	-16.90474
24	25	-17.10656
24	26	-17.29694
24	27	-17.47974
24	28	-17.65984
24	29	-17.8323
24	30	-17.999721
24	31	-18.15754
24	32	-18.30546
24	33	-18.44984
24	34	-18.587681
24	35	-18.71952
24	36	-18.843321
24	37	-18.96556
24	38	-19.077661
24	39	-19.19234
24	40	-19.301921
25	-10	-11.15988
25	-9	-11.1453
25	-8	-11.129081
25	-7	-11.104501
25	-6	-11.08862
25	-5	-11.07872
25	-4	-11.06238
25	-3	-11.03584
25	-2	-11.0043
25	-1	-10.97002
25	0	-10.939661
25	1	-10.922441
25	2	-10.967641
25	3	-11.150781
25	4	-11.42606
25	5	-11.74764
25	6	-12.072141
25	7	-12.40558
25	8	-12.73802
25	9	-13.0587
25	10	-13.368921
25	11	-13.673501
25	12	-13.96882
25	13	-14.25942
25	14	-14.53564
25	15	-14.810381
25	16	-15.07304
25	17	-15.332421
25	18	-15.586301
25	19	-15.830521
25	20	-16.05946
25	21	-16.289
25	22	-16.50286
25	23	-16.7178
25	24	-16.925441
25	25	-17.121461
25	26	-17.31594
25	27	-17.49472
25	28	-17.67732
25	29	-17.850901
25	30	-18.015701
25	31	-18.17386
25	32	-18.32672
25	33	-18.47212
25	34	-18.60656
25	35	-18.736901
25	36	-18.857961
25	37	-18.98286
25	38	-19.09314
25	39	-19.207981
25	40	-19.31858
26	-10	-11.17286
26	-9	-11.16046
26	-8	-11.137
26	-7	-11.11852
26	-6	-11.1045
26	-5	-11.08938
26	-4	-11.07808
26	-3	-11.051481
26	-2	-11.01728
26	-1	-10.9842
26	0	-10.960721
26	1	-10.93828
26	2	-10.978101
26	3	-11.16706
26	4	-11.44382
26	5	-11.76304
26	6	-12.09256
26	7	-12.42162
26	8	-12.7527
26	9	-13.074181
26	10	-13.38834
26	11	-13.69274
26	12	-13.989241
26	13	-14.27564
26	14	-14.55936
26	15	-14.83178
26	16	-15.096621
26	17	-15.358741
26	18	-15.60696
26	19	-15.84638
26	20	-16.07712
26	21	-16.30306
26	22	-16.52358
26	23	-16.735041
26	24	-16.938381
26	25	-17.141641
26	26	-17.33526
26	27	-17.52072
26	28	-17.69712
26	29	-17.86986
26	30	-18.03636
26	31	-18.1928
26	32	-18.343041
26	33	-18.48792
26	34	-18.62442
26	35	-18.756381
26	36	-18.88056
26	37	-19.00298
26	38	-19.11702
26	39	-19.22688
26	40	-19.337781
27	-10	-11.17872
27	-9	-11.16874
27	-8	-11.14948
27	-7	-11.1318
27	-6	-11.112761
27	-5	-11.098541
27	-4	-11.083481
27	-3	-11.06146
27	-2	-11.03298
27	-1	-11.003401
27	0	-10.97392
27	1	-10.963141
27	2	-10.99694
27	3	-11.19298
27	4	-11.46604
27	5	-11.773001
27	6	-12.105681
27	7	-12.44634
27	8	-12.770901
27	9	-13.09108
27	10	-13.407661
27	11	-13.71194
27	12	-14.00384
27	13	-14.292661
27	14	-14.575061
27	15	-14.84648
27	16	-15.11366
27	17	-15.37296
27	18	-15.62268
27	19	-15.859461
27	20	-16.095881
27	21	-16.32038
27	22	-16.538701
27	23	-16.75308
27	24	-16.96012
27	25	-17.1556
27	26	-17.3503
27	27	-17.5335
27	28	-17.71038
27	29	-17.886721
27	30	-18.0521
27	31	-18.21014
27	32	-18.360661
27	33	-18.50474
27	34	-18.64112
27	35	-18.77438
27	36	-18.8986
27	37	-19.019721
27	38	-19.13616
27	39	-19.2499
27	40	-19.359261
28	-10	-11.180621
28	-9	-11.17724
28	-8	-11.1582
28	-7	-11.13988
28	-6	-11.12606
28	-5	-11.1093
28	-4	-11.096861
28	-3	-11.07666
28	-2	-11.04364
28	-1	-11.01354
28	0	-10.99506
28	1	-10.972921
28	2	-11.022861
28	3	-11.20694
28	4	-11.477641
28	5	-11.79598
28	6	-12.12566
28	7	-12.45368
28	8	-12.79056
28	9	-13.109181
28	10	-13.42112
28	11	-13.73012
28	12	-14.022141
28	13	-14.314261
28	14	-14.59038
28	15	-14.8628
28	16	-15.13456
28	17	-15.389601
28	18	-15.6346
28	19	-15.872821
28	20	-16.104601
28	21	-16.334961
28	22	-16.555421
28	23	-16.7672
28	24	-16.97124
28	25	-17.16704
28	26	-17.360121
28	27	-17.54426
28	28	-17.72598
28	29	-17.8945
28	30	-18.062901
28	31	-18.21986
28	32	-18.373541
28	33	-18.51268
28	34	-18.654121
28	35	-18.78844
28	36	-18.913701
28	37	-19.0347
28	38	-19.14894
28	39	-19.260441
28	40	-19.3739
29	-10	-11.18548
29	-9	-11.179741
29	-8	-11.1684
29	-7	-11.1514
29	-6	-11.1346
29	-5	-11.12026
29	-4	-11.1049
29	-3	-11.0866
29	-2	-11.05766
29	-1	-11.031221
29	0	-11.010661
29	1	-10.99408
29	2	-11.028801
29	3	-11.21348
29	4	-11.4953
29	5	-11.8055
29	6	-12.14136
29	7	-12.4672
29	8	-12.8041
29	9	-13.12542
29	10	-13.43832
29	11	-13.736421
29	12	-14.03506
29	13	-14.325901
29	14	-14.604401
29	15	-14.87654
29	16	-15.13918
29	17	-15.400501
29	18	-15.6479
29	19	-15.88928
29	20	-16.11996
29	21	-16.35014
29	22	-16.564041
29	23	-16.774741
29	24	-16.97856
29	25	-17.17822
29	26	-17.367501
29	27	-17.55596
29	28	-17.73394
29	29	-17.9062
29	30	-18.07124
29	31	-18.233421
29	32	-18.38342
29	33	-18.53048
29	34	-18.664081
29	35	-18.79924
29	36	-18.922221
29	37	-19.045641
29	38	-19.16228
29	39	-19.276781
29	40	-19.385161
30	-10	-11.18958
30	-9	-11.1857
30	-8	-11.17292
30	-7	-11.159281
30	-6	-11.146701
30	-5	-11.1312
30	-4	-11.11392
30	-3	-11.099021
30	-2	-11.0722
30	-1	-11.03912
30	0	-11.02302
30	1	-11.00338
30	2	-11.047801
30	3	-11.23346
30	4	-11.50772
30	5	-11.8205
30	6	-12.15522
30	7	-12.483401
30	8	-12.81348
30	9	-13.13166
30	10	-13.449901
30	11	-13.749221
30	12	-14.046081
30	13	-14.339241
30	14	-14.616001
30	15	-14.89464
30	16	-15.154621
30	17	-15.41188
30	18	-15.66092
30	19	-15.901801
30	20	-16.136761
30	21	-16.35932
30	22	-16.577521
30	23	-16.786821
30	24	-16.98842
30	25	-17.18464
30	26	-17.37906
30	27	-17.56318
30	28	-17.740661
30	29	-17.914061
30	30	-18.08132
30	31	-18.237741
30	32	-18.391861
30	33	-18.532881
30	34	-18.67036
30	35	-18.80542
30	36	-18.93096
30	37	-19.05272
30	38	-19.169221
30	39	-19.2823
30	40	-19.392841
31	-10	-11.185541
31	-9	-11.18912
31	-8	-11.178181
31	-7	-11.162841
31	-6	-11.154981
31	-5	-11.144261
31	-4	-11.13062
31	-3	-11.11316
31	-2	-11.081421
31	-1	-11.05162
31	0	-11.03834
31	1	-11.008421
31	2	-11.05676
31	3	-11.247901
31	4	-11.5177
31	5	-11.831521
31	6	-12.165321
31	7	-12.492841
31	8	-12.822721
31	9	-13.1452
31	10	-13.459281
31	11	-13.7637
31	12	-14.05704
31	13	-14.349001
31	14	-14.633081
31	15	-14.90062
31	16	-15.163041
31	17	-15.424021
31	18	-15.669901
31	19	-15.90812
31	20	-16.14284
31	21	-16.36488
31	22	-16.590321
31	23	-16.801461
31	24	-17.0037
31	25	-17.1983
31	26	-17.38866
31	27	-17.57288
31	28	-17.751161
31	29	-17.923881
31	30	-18.087021
31	31	-18.24704
31	32	-18.396521
31	33	-18.54362
31	34	-18.6809
31	35	-18.813101
31	36	-18.937401
31	37	-19.06124
31	38	-19.17498
31	39	-19.28604
31	40	-19.399441
32	-10	-11.19298
32	-9	-11.191181
32	-8	-11.18112
32	-7	-11.165321
32	-6	-11.160141
32	-5	-11.148201
32	-4	-11.13742
32	-3	-11.12324
32	-2	-11.08966
32	-1	-11.060961
32	0	-11.044801
32	1	-11.023621
32	2	-11.057301
32	3	-11.253101
32	4	-11.52576
32	5	-11.83948
32	6	-12.17066
32	7	-12.50408
32	8	-12.828301
32	9	-13.15698
32	10	-13.468861
32	11	-13.77684
32	12	-14.069181
32	13	-14.3592
32	14	-14.636141
32	15	-14.9112
32	16	-15.178781
32	17	-15.43546
32	18	-15.68504
32	19	-15.91842
32	20	-16.15324
32	21	-16.38096
32	22	-16.59648
32	23	-16.807961
32	24	-17.01362
32	25	-17.20586
32	26	-17.397541
32	27	-17.582981
32	28	-17.75832
32	29	-17.931801
32	30	-18.096141
32	31	-18.25352
32	32	-18.40906
32	33	-18.54916
32	34	-18.68756
32	35	-18.81688
32	36	-18.94448
32	37	-19.06484
32	38	-19.1829
32	39	-19.2939
32	40	-19.40542
33	-10	-11.191741
33	-9	-11.19052
33	-8	-11.18396
33	-7	-11.166801
33	-6	-11.159301
33	-5	-11.15202
33	-4	-11.143821
33	-3	-11.1262
33	-2	-11.10092
33	-1	-11.07388
33	0	-11.05744
33	1	-11.02502
33	2	-11.075461
33	3	-11.264401
33	4	-11.53818
33	5	-11.858361
33	6	-12.182581
33	7	-12.51258
33	8	-12.842741
33	9	-13.163
33	10	-13.47874
33	11	-13.784301
33	12	-14.081521
33	13	-14.372141
33	14	-14.64982
33	15	-14.925541
33	16	-15.1912
33	17	-15.443201
33	18	-15.694961
33	19	-15.935021
33	20	-16.165601
33	21	-16.3874
33	22	-16.606461
33	23	-16.81536
33	24	-17.02116
33	25	-17.21598
33	26	-17.40458
33	27	-17.59292
33	28	-17.76752
33	29	-17.942681
33	30	-18.10772
33	31	-18.26174
33	32	-18.41898
33	33	-18.56396
33	34	-18.69564
33	35	-18.829701
33	36	-18.954621
33	37	-19.07596
33	38	-19.19042
33	39	-19.301781
33	40	-19.409081
34	-10	-11.19148
34	-9	-11.19058
34	-8	-11.1813
34	-7	-11.16878
34	-6	-11.16012
34	-5	-11.15146
34	-4	-11.14656
34	-3	-11.1315
34	-2	-11.109521
34	-1	-11.079161
34	0	-11.06446
34	1	-11.038401
34	2	-11.091161
34	3	-11.26992
34	4	-11.54682
34	5	-11.867061
34	6	-12.19264
34	7	-12.5294
34	8	-12.851881
34	9	-13.1765
34	10	-13.486321
34	11	-13.796281
34	12	-14.093341
34	13	-14.38028
34	14	-14.656541
34	15	-14.931641
34	16	-15.19598
34	17	-15.45596
34	18	-15.70634
34	19	-15.944741
34	20	-16.176761
34	21	-16.39846
34	22	-16.61368
34	23	-16.82448
34	24	-17.03058
34	25	-17.22494
34	26	-17.413481
34	27	-17.59788
34	28	-17.775141
34	29	-17.94646
34	30	-18.11346
34	31	-18.27018
34	32	-18.42354
34	33	-18.56866
34	34	-18.703101
34	35	-18.83396
34	36	-18.96068
34	37	-19.08278
34	38	-19.1965
34	39	-19.31218
34	40	-19.421281
35	-10	-11.19128
35	-9	-11.18696
35	-8	-11.1727
35	-7	-11.166821
35	-6	-11.15864
35	-5	-11.15072
35	-4	-11.1456
35	-3	-11.134321
35	-2	-11.113561
35	-1	-11.09196
35	0	-11.07144
35	1	-11.049661
35	2	-11.09554
35	3	-11.28778
35	4	-11.56142
35	5	-11.88156
35	6	-12.20758
35	7	-12.53874
35	8	-12.86302
35	9	-13.18758
35	10	-13.49924
35	11	-13.80664
35	12	-14.10086
35	13	-14.38628
35	14	-14.67242
35	15	-14.94322
35	16	-15.201721
35	17	-15.46302
35	18	-15.710481
35	19	-15.946001
35	20	-16.180181
35	21	-16.4071
35	22	-16.619041
35	23	-16.83116
35	24	-17.0355
35	25	-17.22802
35	26	-17.4191
35	27	-17.60302
35	28	-17.77958
35	29	-17.957401
35	30	-18.11764
35	31	-18.27458
35	32	-18.428301
35	33	-18.572341
35	34	-18.7102
35	35	-18.84164
35	36	-18.96688
35	37	-19.08928
35	38	-19.20492
35	39	-19.317861
35	40	-19.42798
36	-10	-11.19312
36	-9	-11.184821
36	-8	-11.17344
36	-7	-11.16016
36	-6	-11.15264
36	-5	-11.149741
36	-4	-11.14696
36	-3	-11.13594
36	-2	-11.115521
36	-1	-11.096961
36	0	-11.074001
36	1	-11.060521
36	2	-11.109001
36	3	-11.298481
36	4	-11.58004
36	5	-11.890601
36	6	-12.21846
36	7	-12.550641
36	8	-12.87508
36	9	-13.19332
36	10	-13.500861
36	11	-13.808241
36	12	-14.107081
36	13	-14.38978
36	14	-14.6727
36	15	-14.94238
36	16	-15.208941
36	17	-15.46588
36	18	-15.71478
36	19	-15.953941
36	20	-16.18514
36	21	-16.408381
36	22	-16.62432
36	23	-16.83462
36	24	-17.033641
36	25	-17.233321
36	26	-17.42238
36	27	-17.60692
36	28	-17.78292
36	29	-17.95174
36	30	-18.11708
36	31	-18.2792
36	32	-18.43114
36	33	-18.575081
36	34	-18.71318
36	35	-18.8443
36	36	-18.972361
36	37	-19.090201
36	38	-19.20822
36	39	-19.320421
36	40	-19.431921
37	-10	-11.184641
37	-9	-11.182041
37	-8	-11.17304
37	-7	-11.15966
37	-6	-11.150501
37	-5	-11.15216
37	-4	-11.15266
37	-3	-11.141021
37	-2	-11.11944
37	-1	-11.098121
37	0	-11.071261
37	1	-11.066641
37	2	-11.118281
37	3	-11.309841
37	4	-11.58538
37	5	-11.89364
37	6	-12.223921
37	7	-12.558581
37	8	-12.87576
37	9	-13.19794
37	10	-13.50702
37	11	-13.81352
37	12	-14.10796
37	13	-14.39312
37	14	-14.677321
37	15	-14.94222
37	16	-15.2138
37	17	-15.46896
37	18	-15.71792
37	19	-15.95418
37	20	-16.185101
37	21	-16.415581
37	22	-16.63014
37	23	-16.83852
37	24	-17.039241
37	25	-17.23624
37	26	-17.42484
37	27	-17.607201
37	28	-17.783261
37	29	-17.9541
37	30	-18.11926
37	31	-18.277601
37	32	-18.43104
37	33	-18.57588
37	34	-18.71142
37	35	-18.84648
37	36	-18.97152
37	37	-19.0941
37	38	-19.21012
37	39	-19.324261
37	40	-19.4328
38	-10	-11.18852
38	-9	-11.181541
38	-8	-11.169361
38	-7	-11.15834
38	-6	-11.15494
38	-5	-11.14904
38	-4	-11.149501
38	-3	-11.140921
38	-2	-11.12054
38	-1	-11.102241
38	0	-11.07942
38	1	-11.06522
38	2	-11.118501
38	3	-11.310761
38	4	-11.58674
38	5	-11.89924
38	6	-12.23086
38	7	-12.5594
38	8	-12.88436
38	9	-13.20498
38	10	-13.51042
38	11	-13.81494
38	12	-14.10546
38	13	-14.39528
38	14	-14.67768
38	15	-14.947201
38	16	-15.213721
38	17	-15.463741
38	18	-15.71468
38	19	-15.958581
38	20	-16.1906
38	21	-16.41158
38	22	-16.62576
38	23	-16.83418
38	24	-17.03904
38	25	-17.23528
38	26	-17.42242
38	27	-17.607961
38	28	-17.78508
38	29	-17.95644
38	30	-18.12116
38	31	-18.27946
38	32	-18.42922
38	33	-18.57336
38	34	-18.71382
38	35	-18.84326
38	36	-18.968221
38	37	-19.09072
38	38	-19.21036
38	39	-19.319381
38	40	-19.431721
39	-10	-11.183661
39	-9	-11.1826
39	-8	-11.170741
39	-7	-11.155841
39	-6	-11.15096
39	-5	-11.146861
39	-4	-11.1475
39	-3	-11.14094
39	-2	-11.116001
39	-1	-11.10174
39	0	-11.08406
39	1	-11.0639
39	2	-11.121201
39	3	-11.317541
39	4	-11.59176
39	5	-11.90908
39	6	-12.232321
39	7	-12.56742
39	8	-12.88182
39	9	-13.203801
39	10	-13.511741
39	11	-13.81568
39	12	-14.11284
39	13	-14.399021
39	14	-14.67482
39	15	-14.94708
39	16	-15.211
39	17	-15.468881
39	18	-15.713541
39	19	-15.95056
39	20	-16.1841
39	21	-16.41078
39	22	-16.625081
39	23	-16.83506
39	24	-17.03802
39	25	-17.233421
39	26	-17.42238
39	27	-17.6066
39	28	-17.783061
39	29	-17.95644
39	30	-18.11886
39	31	-18.276941
39	32	-18.42924
39	33	-18.573361
39	34	-18.710141
39	35	-18.84236
39	36	-18.969401
39	37	-19.08914
39	38	-19.205841
39	39	-19.31878
39	40	-19.425301
40	-10	-11.18502
40	-9	-11.179101
40	-8	-11.167721
40	-7	-11.154421
40	-6	-11.148321
40	-5	-11.146
40	-4	-11.144621
40	-3	-11.132381
40	-2	-11.1173
40	-1	-11.097701
40	0	-11.081541
40	1	-11.067681
40	2	-11.119101
40	3	-11.315221
40	4	-11.59724
40	5	-11.908241
40	6	-12.23388
40	7	-12.563181
40	8	-12.89076
40	9	-13.207881
40	10	-13.51294
40	11	-13.813941
40	12	-14.108081
40	13	-14.39834
40	14	-14.67376
40	15	-14.947181
40	16	-15.2082
40	17	-15.467681
40	18	-15.712721
40	19	-15.953181
40	20	-16.18798
40	21	-16.408561
40	22	-16.63006
40	23	-16.837681
40	24	-17.03882
40	25	-17.23406
40	26	-17.4216
40	27	-17.60388
40	28	-17.780901
40	29	-17.9543
40	30	-18.11636
40	31	-18.27316
40	32	-18.42634
40	33	-18.57218
40	34	-18.706781
40	35	-18.83902
40	36	-18.96694
40	37	-19.08458
40	38	-19.201781
40	39	-19.31406
40	40	-19.42414