-10	-10	-8.457824
-10	-9	-8.441769
-10	-8	-8.423697
-10	-7	-8.411768
-10	-6	-8.39699
-10	-5	-8.37251
-10	-4	-8.340992
-10	-3	-8.320071
-10	-2	-8.289356
-10	-1	-8.274901
-10	0	-8.25591
-10	1	-8.239412
-10	2	-8.268521
-10	3	-8.448567
-10	4	-8.704508
-10	5	-9.00348
-10	6	-9.330754
-10	7	-9.657726
-10	8	-9.978334
-10	9	-10.30012
-10	10	-10.604001
-10	11	-10.91576
-10	12	-11.203181
-10	13	-11.484001
-10	14	-11.75786
-10	15	-12.030561
-10	16	-12.284101
-10	17	-12.54038
-10	18	-12.77764
-10	19	-13.020741
-10	20	-13.252761
-10	21	-13.4798
-10	22	-13.691141
-10	23	-13.912501
-10	24	-14.1216
-10	25	-14.328381
-10	26	-14.5244
-10	27	-14.718861
-10	28	-14.90866
-10	29	-15.09366
-10	30	-15.269501
-10	31	-15.450141
-10	32	-15.6196
-10	33	-15.79484
-10	34	-15.95486
-10	35	-16.119781
-10	36	-16.274161
-10	37	-16.42126
-10	38	-16.57052
-10	39	-16.71508
-10	40	-16.85522
-9	-10	-8.440065
-9	-9	-8.424436
-9	-8	-8.412053
-9	-7	-8.394263
-9	-6	-8.369194
-9	-5	-8.346071
-9	-4	-8.311144
-9	-3	-8.294408
-9	-2	-8.274563
-9	-1	-8.258411
-9	0	-8.239913
-9	1	-8.209759
-9	2	-8.228509
-9	3	-8.412488
-9	4	-8.670538
-9	5	-8.96934
-9	6	-9.292206
-9	7	-9.620594
-9	8	-9.936664
-9	9	-10.255
-9	10	-10.57442
-9	11	-10.87382
-9	12	-11.163161
-9	13	-11.45124
-9	14	-11.73178
-9	15	-11.997221
-9	16	-12.25456
-9	17	-12.514741
-9	18	-12.76398
-9	19	-12.993501
-9	20	-13.22924
-9	21	-13.457921
-9	22	-13.675261
-9	23	-13.899
-9	24	-14.1089
-9	25	-14.31058
-9	26	-14.509881
-9	27	-14.70822
-9	28	-14.89776
-9	29	-15.0856
-9	30	-15.26042
-9	31	-15.444821
-9	32	-15.612881
-9	33	-15.783241
-9	34	-15.945581
-9	35	-16.10736
-9	36	-16.26078
-9	37	-16.405701
-9	38	-16.552981
-9	39	-16.70166
-9	40	-16.83924
-8	-10	-8.425378
-8	-9	-8.411799
-8	-8	-8.39255
-8	-7	-8.366486
-8	-6	-8.345714
-8	-5	-8.314833
-8	-4	-8.29116
-8	-3	-8.273443
-8	-2	-8.250015
-8	-1	-8.239403
-8	0	-8.205284
-8	1	-8.174959
-8	2	-8.178066
-8	3	-8.357383
-8	4	-8.628529
-8	5	-8.938432
-8	6	-9.25888
-8	7	-9.58309
-8	8	-9.900256
-8	9	-10.21864
-8	10	-10.52692
-8	11	-10.82882
-8	12	-11.12804
-8	13	-11.414181
-8	14	-11.691361
-8	15	-11.96546
-8	16	-12.22718
-8	17	-12.48912
-8	18	-12.73514
-8	19	-12.97714
-8	20	-13.214941
-8	21	-13.440261
-8	22	-13.66966
-8	23	-13.88202
-8	24	-14.09518
-8	25	-14.296601
-8	26	-14.49666
-8	27	-14.6964
-8	28	-14.886001
-8	29	-15.074541
-8	30	-15.25342
-8	31	-15.43214
-8	32	-15.61006
-8	33	-15.771741
-8	34	-15.930781
-8	35	-16.099521
-8	36	-16.252881
-8	37	-16.404441
-8	38	-16.5467
-8	39	-16.6873
-8	40	-16.833001
-7	-10	-8.41418
-7	-9	-8.396422
-7	-8	-8.373287
-7	-7	-8.349017
-7	-6	-8.319063
-7	-5	-8.285322
-7	-4	-8.27335
-7	-3	-8.248457
-7	-2	-8.232749
-7	-1	-8.212264
-7	0	-8.171873
-7	1	-8.129736
-7	2	-8.155939
-7	3	-8.326198
-7	4	-8.593206
-7	5	-8.904303
-7	6	-9.220294
-7	7	-9.555751
-7	8	-9.869197
-7	9	-10.18696
-7	10	-10.493401
-7	11	-10.792241
-7	12	-11.07694
-7	13	-11.375
-7	14	-11.655921
-7	15	-11.92242
-7	16	-12.19378
-7	17	-12.44304
-7	18	-12.702641
-7	19	-12.93148
-7	20	-13.167161
-7	21	-13.40082
-7	22	-13.6236
-7	23	-13.848461
-7	24	-14.060821
-7	25	-14.267341
-7	26	-14.4779
-7	27	-14.66934
-7	28	-14.86522
-7	29	-15.054561
-7	30	-15.238701
-7	31	-15.41552
-7	32	-15.59238
-7	33	-15.7576
-7	34	-15.919641
-7	35	-16.082621
-7	36	-16.233121
-7	37	-16.389101
-7	38	-16.531861
-7	39	-16.67532
-7	40	-16.81428
-6	-10	-8.398671
-6	-9	-8.38001
-6	-8	-8.346693
-6	-7	-8.316724
-6	-6	-8.294053
-6	-5	-8.276266
-6	-4	-8.255805
-6	-3	-8.238479
-6	-2	-8.212758
-6	-1	-8.17008
-6	0	-8.121444
-6	1	-8.094294
-6	2	-8.119332
-6	3	-8.303716
-6	4	-8.571186
-6	5	-8.885554
-6	6	-9.18914
-6	7	-9.516064
-6	8	-9.844084
-6	9	-10.15774
-6	10	-10.47264
-6	11	-10.76688
-6	12	-11.056981
-6	13	-11.339681
-6	14	-11.61902
-6	15	-11.880741
-6	16	-12.15286
-6	17	-12.4093
-6	18	-12.647401
-6	19	-12.894961
-6	20	-13.123581
-6	21	-13.35766
-6	22	-13.591361
-6	23	-13.809481
-6	24	-14.01982
-6	25	-14.2269
-6	26	-14.435361
-6	27	-14.63804
-6	28	-14.82482
-6	29	-15.017981
-6	30	-15.19932
-6	31	-15.38652
-6	32	-15.56334
-6	33	-15.73098
-6	34	-15.887681
-6	35	-16.053881
-6	36	-16.213081
-6	37	-16.35974
-6	38	-16.50698
-6	39	-16.651041
-6	40	-16.79126
-5	-10	-8.375918
-5	-9	-8.3466
-5	-8	-8.317821
-5	-7	-8.290434
-5	-6	-8.275987
-5	-5	-8.259402
-5	-4	-8.251049
-5	-3	-8.219245
-5	-2	-8.175784
-5	-1	-8.13785
-5	0	-8.096375
-5	1	-8.067461
-5	2	-8.108809
-5	3	-8.290444
-5	4	-8.566674
-5	5	-8.873305
-5	6	-9.198762
-5	7	-9.508209
-5	8	-9.82707
-5	9	-10.140501
-5	10	-10.454661
-5	11	-10.7536
-5	12	-11.04602
-5	13	-11.329341
-5	14	-11.602301
-5	15	-11.868681
-5	16	-12.12856
-5	17	-12.379281
-5	18	-12.63178
-5	19	-12.865281
-5	20	-13.103941
-5	21	-13.329661
-5	22	-13.551141
-5	23	-13.76882
-5	24	-13.982741
-5	25	-14.19076
-5	26	-14.39734
-5	27	-14.59126
-5	28	-14.786881
-5	29	-14.980501
-5	30	-15.162021
-5	31	-15.338981
-5	32	-15.52722
-5	33	-15.69308
-5	34	-15.8563
-5	35	-16.0243
-5	36	-16.17726
-5	37	-16.33622
-5	38	-16.47816
-5	39	-16.6231
-5	40	-16.76038
-4	-10	-8.358898
-4	-9	-8.330583
-4	-8	-8.305137
-4	-7	-8.281914
-4	-6	-8.267077
-4	-5	-8.245235
-4	-4	-8.227368
-4	-3	-8.183886
-4	-2	-8.146822
-4	-1	-8.101762
-4	0	-8.081616
-4	1	-8.063778
-4	2	-8.095751
-4	3	-8.277431
-4	4	-8.537598
-4	5	-8.850028
-4	6	-9.174264
-4	7	-9.498174
-4	8	-9.812469
-4	9	-10.14506
-4	10	-10.43868
-4	11	-10.7486
-4	12	-11.02896
-4	13	-11.32414
-4	14	-11.596061
-4	15	-11.86402
-4	16	-12.124361
-4	17	-12.37838
-4	18	-12.62426
-4	19	-12.86578
-4	20	-13.088561
-4	21	-13.32272
-4	22	-13.53414
-4	23	-13.75596
-4	24	-13.970461
-4	25	-14.1713
-4	26	-14.376101
-4	27	-14.56694
-4	28	-14.7624
-4	29	-14.952481
-4	30	-15.13982
-4	31	-15.319221
-4	32	-15.49072
-4	33	-15.655701
-4	34	-15.829501
-4	35	-15.990641
-4	36	-16.146
-4	37	-16.3032
-4	38	-16.455381
-4	39	-16.59688
-4	40	-16.734301
-3	-10	-8.349978
-3	-9	-8.322496
-3	-8	-8.307758
-3	-7	-8.287072
-3	-6	-8.268618
-3	-5	-8.25027
-3	-4	-8.200729
-3	-3	-8.166322
-3	-2	-8.122901
-3	-1	-8.100958
-3	0	-8.081667
-3	1	-8.045737
-3	2	-8.074524
-3	3	-8.241983
-3	4	-8.508493
-3	5	-8.805552
-3	6	-9.14083
-3	7	-9.463129
-3	8	-9.794041
-3	9	-10.114501
-3	10	-10.43834
-3	11	-10.733641
-3	12	-11.041261
-3	13	-11.32138
-3	14	-11.587201
-3	15	-11.85396
-3	16	-12.11166
-3	17	-12.3749
-3	18	-12.620001
-3	19	-12.85286
-3	20	-13.08182
-3	21	-13.324521
-3	22	-13.533421
-3	23	-13.75272
-3	24	-13.96216
-3	25	-14.166781
-3	26	-14.363761
-3	27	-14.560141
-3	28	-14.749401
-3	29	-14.93516
-3	30	-15.12072
-3	31	-15.29466
-3	32	-15.47004
-3	33	-15.646081
-3	34	-15.805701
-3	35	-15.965441
-3	36	-16.13258
-3	37	-16.283941
-3	38	-16.42376
-3	39	-16.569241
-3	40	-16.71356
-2	-10	-8.340046
-2	-9	-8.323582
-2	-8	-8.301556
-2	-7	-8.284629
-2	-6	-8.261974
-2	-5	-8.225818
-2	-4	-8.178618
-2	-3	-8.141261
-2	-2	-8.115315
-2	-1	-8.103529
-2	0	-8.075074
-2	1	-8.02668
-2	2	-8.036427
-2	3	-8.195162
-2	4	-8.45841
-2	5	-8.76782
-2	6	-9.089539
-2	7	-9.420834
-2	8	-9.745761
-2	9	-10.06052
-2	10	-10.38646
-2	11	-10.69878
-2	12	-11.00268
-2	13	-11.28284
-2	14	-11.567081
-2	15	-11.84852
-2	16	-12.117081
-2	17	-12.3626
-2	18	-12.62276
-2	19	-12.861241
-2	20	-13.095401
-2	21	-13.316721
-2	22	-13.544741
-2	23	-13.75732
-2	24	-13.964421
-2	25	-14.16952
-2	26	-14.3656
-2	27	-14.5606
-2	28	-14.75184
-2	29	-14.94312
-2	30	-15.1155
-2	31	-15.2978
-2	32	-15.46746
-2	33	-15.63842
-2	34	-15.804201
-2	35	-15.960701
-2	36	-16.123141
-2	37	-16.270121
-2	38	-16.419541
-2	39	-16.56864
-2	40	-16.70484
-1	-10	-8.340797
-1	-9	-8.329155
-1	-8	-8.309042
-1	-7	-8.281111
-1	-6	-8.249964
-1	-5	-8.204634
-1	-4	-8.169762
-1	-3	-8.140174
-1	-2	-8.113574
-1	-1	-8.102639
-1	0	-8.063013
-1	1	-7.996648
-1	2	-8.007306
-1	3	-8.178884
-1	4	-8.438026
-1	5	-8.750906
-1	6	-9.091326
-1	7	-9.405943
-1	8	-9.732847
-1	9	-10.05636
-1	10	-10.36376
-1	11	-10.66858
-1	12	-10.9771
-1	13	-11.27508
-1	14	-11.54488
-1	15	-11.834341
-1	16	-12.1006
-1	17	-12.369141
-1	18	-12.61486
-1	19	-12.85868
-1	20	-13.08984
-1	21	-13.32652
-1	22	-13.54804
-1	23	-13.764841
-1	24	-13.9739
-1	25	-14.184941
-1	26	-14.38278
-1	27	-14.577941
-1	28	-14.76514
-1	29	-14.95478
-1	30	-15.13662
-1	31	-15.30822
-1	32	-15.48672
-1	33	-15.65894
-1	34	-15.81996
-1	35	-15.975101
-1	36	-16.1244
-1	37	-16.282901
-1	38	-16.432421
-1	39	-16.57966
-1	40	-16.71674
0	-10	-8.346985
0	-9	-8.339123
0	-8	-8.319274
0	-7	-8.291034
0	-6	-8.248336
0	-5	-8.2205
0	-4	-8.186728
0	-3	-8.172754
0	-2	-8.14658
0	-1	-8.109152
0	0	-8.055318
0	1	-7.98401
0	2	-8.012145
0	3	-8.189133
0	4	-8.462082
0	5	-8.764862
0	6	-9.093874
0	7	-9.423203
0	8	-9.743731
0	9	-10.06424
0	10	-10.37064
0	11	-10.67886
0	12	-10.9794
0	13	-11.253581
0	14	-11.54368
0	15	-11.8155
0	16	-12.07858
0	17	-12.3449
0	18	-12.618501
0	19	-12.857921
0	20	-13.09836
0	21	-13.3405
0	22	-13.557
0	23	-13.776381
0	24	-14.
0	25	-14.205481
0	26	-14.408161
0	27	-14.6015
0	28	-14.798
0	29	-14.983921
0	30	-15.165081
0	31	-15.336121
0	32	-15.506021
0	33	-15.68364
0	34	-15.8462
0	35	-15.999781
0	36	-16.161481
0	37	-16.306561
0	38	-16.45716
0	39	-16.59736
0	40	-16.734001
1	-10	-8.387667
1	-9	-8.367962
1	-8	-8.346612
1	-7	-8.310456
1	-6	-8.26204
1	-5	-8.242294
1	-4	-8.217872
1	-3	-8.21069
1	-2	-8.187782
1	-1	-8.136867
1	0	-8.07127
1	1	-8.008473
1	2	-8.04598
1	3	-8.219292
1	4	-8.482041
1	5	-8.804301
1	6	-9.125048
1	7	-9.441004
1	8	-9.761689
1	9	-10.084181
1	10	-10.384621
1	11	-10.7009
1	12	-11.00514
1	13	-11.29818
1	14	-11.56498
1	15	-11.836681
1	16	-12.11118
1	17	-12.36504
1	18	-12.625341
1	19	-12.88868
1	20	-13.124921
1	21	-13.36246
1	22	-13.59648
1	23	-13.8129
1	24	-14.04256
1	25	-14.241461
1	26	-14.446021
1	27	-14.646161
1	28	-14.83692
1	29	-15.023561
1	30	-15.2116
1	31	-15.38198
1	32	-15.55836
1	33	-15.72896
1	34	-15.887521
1	35	-16.05064
1	36	-16.20254
1	37	-16.355521
1	38	-16.50534
1	39	-16.647001
1	40	-16.78586
2	-10	-8.440516
2	-9	-8.422482
2	-8	-8.402694
2	-7	-8.373944
2	-6	-8.330851
2	-5	-8.284186
2	-4	-8.271121
2	-3	-8.255122
2	-2	-8.217028
2	-1	-8.187818
2	0	-8.123476
2	1	-8.063485
2	2	-8.079523
2	3	-8.262577
2	4	-8.529646
2	5	-8.838535
2	6	-9.158344
2	7	-9.47818
2	8	-9.812006
2	9	-10.1263
2	10	-10.444181
2	11	-10.73834
2	12	-11.037461
2	13	-11.33184
2	14	-11.60048
2	15	-11.88756
2	16	-12.154441
2	17	-12.416541
2	18	-12.67398
2	19	-12.92874
2	20	-13.1717
2	21	-13.401061
2	22	-13.645581
2	23	-13.85814
2	24	-14.07782
2	25	-14.287181
2	26	-14.49536
2	27	-14.69408
2	28	-14.880001
2	29	-15.06798
2	30	-15.2522
2	31	-15.43594
2	32	-15.610301
2	33	-15.77508
2	34	-15.93822
2	35	-16.10064
2	36	-16.25474
2	37	-16.40608
2	38	-16.55226
2	39	-16.691461
2	40	-16.834
3	-10	-8.491951
3	-9	-8.477977
3	-8	-8.453454
3	-7	-8.419456
3	-6	-8.374347
3	-5	-8.349135
3	-4	-8.316214
3	-3	-8.294017
3	-2	-8.260104
3	-1	-8.223046
3	0	-8.175847
3	1	-8.11459
3	2	-8.12914
3	3	-8.3072
3	4	-8.571134
3	5	-8.873
3	6	-9.207698
3	7	-9.532668
3	8	-9.862676
3	9	-10.177701
3	10	-10.49324
3	11	-10.80236
3	12	-11.098121
3	13	-11.38868
3	14	-11.671121
3	15	-11.94374
3	16	-12.217221
3	17	-12.47554
3	18	-12.7254
3	19	-12.98262
3	20	-13.223041
3	21	-13.45846
3	22	-13.67974
3	23	-13.90698
3	24	-14.128161
3	25	-14.34378
3	26	-14.539981
3	27	-14.733241
3	28	-14.93714
3	29	-15.117701
3	30	-15.2962
3	31	-15.48026
3	32	-15.6528
3	33	-15.820801
3	34	-15.99082
3	35	-16.145881
3	36	-16.30164
3	37	-16.448621
3	38	-16.606061
3	39	-16.737361
3	40	-16.88116
4	-10	-8.538274
4	-9	-8.517105
4	-8	-8.484206
4	-7	-8.465181
4	-6	-8.4295
4	-5	-8.395158
4	-4	-8.358347
4	-3	-8.328204
4	-2	-8.286716
4	-1	-8.257011
4	0	-8.226617
4	1	-8.180068
4	2	-8.199016
4	3	-8.368166
4	4	-8.639454
4	5	-8.939249
4	6	-9.269612
4	7	-9.601986
4	8	-9.930917
4	9	-10.257841
4	10	-10.573061
4	11	-10.87692
4	12	-11.17628
4	13	-11.46178
4	14	-11.74516
4	15	-12.016021
4	16	-12.28458
4	17	-12.54486
4	18	-12.7911
4	19	-13.03568
4	20	-13.27464
4	21	-13.50674
4	22	-13.73778
4	23	-13.954681
4	24	-14.16986
4	25	-14.375521
4	26	-14.576881
4	27	-14.77388
4	28	-14.973341
4	29	-15.16074
4	30	-15.342241
4	31	-15.52382
4	32	-15.696261
4	33	-15.8595
4	34	-16.03602
4	35	-16.190281
4	36	-16.34808
4	37	-16.50014
4	38	-16.64498
4	39	-16.79016
4	40	-16.9299
5	-10	-8.575982
5	-9	-8.552753
5	-8	-8.528587
5	-7	-8.495792
5	-6	-8.47086
5	-5	-8.448118
5	-4	-8.415117
5	-3	-8.371681
5	-2	-8.32319
5	-1	-8.286787
5	0	-8.262864
5	1	-8.233775
5	2	-8.25792
5	3	-8.442192
5	4	-8.701476
5	5	-9.015064
5	6	-9.338322
5	7	-9.676768
5	8	-9.999957
5	9	-10.3253
5	10	-10.636001
5	11	-10.9319
5	12	-11.230761
5	13	-11.521
5	14	-11.80278
5	15	-12.07412
5	16	-12.33206
5	17	-12.59166
5	18	-12.83898
5	19	-13.07548
5	20	-13.3202
5	21	-13.54258
5	22	-13.771601
5	23	-13.987561
5	24	-14.206001
5	25	-14.41504
5	26	-14.61914
5	27	-14.81582
5	28	-15.015801
5	29	-15.19716
5	30	-15.38314
5	31	-15.5702
5	32	-15.74288
5	33	-15.919961
5	34	-16.074001
5	35	-16.240941
5	36	-16.392181
5	37	-16.556701
5	38	-16.6981
5	39	-16.84042
5	40	-16.97636
6	-10	-8.626188
6	-9	-8.597884
6	-8	-8.570109
6	-7	-8.53206
6	-6	-8.515434
6	-5	-8.49219
6	-4	-8.468448
6	-3	-8.430698
6	-2	-8.379072
6	-1	-8.330739
6	0	-8.300348
6	1	-8.281941
6	2	-8.314466
6	3	-8.493784
6	4	-8.759377
6	5	-9.060808
6	6	-9.38969
6	7	-9.719727
6	8	-10.051181
6	9	-10.3739
6	10	-10.680241
6	11	-10.99022
6	12	-11.28548
6	13	-11.57062
6	14	-11.842061
6	15	-12.11136
6	16	-12.373881
6	17	-12.63216
6	18	-12.87156
6	19	-13.11756
6	20	-13.35358
6	21	-13.58286
6	22	-13.80392
6	23	-14.030181
6	24	-14.24208
6	25	-14.4527
6	26	-14.65818
6	27	-14.855761
6	28	-15.0601
6	29	-15.249361
6	30	-15.43988
6	31	-15.61796
6	32	-15.78988
6	33	-15.965101
6	34	-16.134721
6	35	-16.294921
6	36	-16.45302
6	37	-16.60494
6	38	-16.75968
6	39	-16.8965
6	40	-17.03504
7	-10	-8.6858
7	-9	-8.660257
7	-8	-8.614328
7	-7	-8.585188
7	-6	-8.562603
7	-5	-8.540746
7	-4	-8.52359
7	-3	-8.488606
7	-2	-8.432368
7	-1	-8.385416
7	0	-8.351929
7	1	-8.320653
7	2	-8.354507
7	3	-8.53825
7	4	-8.798088
7	5	-9.103014
7	6	-9.432018
7	7	-9.763499
7	8	-10.091361
7	9	-10.41562
7	10	-10.72958
7	11	-11.02478
7	12	-11.323221
7	13	-11.607181
7	14	-11.875721
7	15	-12.148761
7	16	-12.41404
7	17	-12.66852
7	18	-12.914561
7	19	-13.1587
7	20	-13.395281
7	21	-13.621941
7	22	-13.84532
7	23	-14.06944
7	24	-14.291961
7	25	-14.49956
7	26	-14.707581
7	27	-14.90676
7	28	-15.10492
7	29	-15.299901
7	30	-15.4885
7	31	-15.66618
7	32	-15.85102
7	33	-16.01854
7	34	-16.18882
7	35	-16.3493
7	36	-16.51302
7	37	-16.663881
7	38	-16.81126
7	39	-16.953461
7	40	-17.094961
8	-10	-8.734508
8	-9	-8.710517
8	-8	-8.668361
8	-7	-8.641372
8	-6	-8.60712
8	-5	-8.584001
8	-4	-8.558978
8	-3	-8.534832
8	-2	-8.484979
8	-1	-8.435774
8	0	-8.395751
8	1	-8.369664
8	2	-8.389054
8	3	-8.563779
8	4	-8.831637
8	5	-9.139528
8	6	-9.464142
8	7	-9.796608
8	8	-10.120041
8	9	-10.44482
8	10	-10.749881
8	11	-11.06232
8	12	-11.35558
8	13	-11.641421
8	14	-11.917381
8	15	-12.19164
8	16	-12.451281
8	17	-12.711121
8	18	-12.95874
8	19	-13.19914
8	20	-13.43526
8	21	-13.674681
8	22	-13.89328
8	23	-14.11814
8	24	-14.33904
8	25	-14.54656
8	26	-14.75766
8	27	-14.9641
8	28	-15.161861
8	29	-15.35442
8	30	-15.54546
8	31	-15.72546
8	32	-15.90726
8	33	-16.077581
8	34	-16.243021
8	35	-16.411101
8	36	-16.5659
8	37	-16.72086
8	38	-16.867681
8	39	-17.011481
8	40	-17.145661
9	-10	-8.771557
9	-9	-8.742922
9	-8	-8.705164
9	-7	-8.67922
9	-6	-8.649672
9	-5	-8.624864
9	-4	-8.597808
9	-3	-8.562446
9	-2	-8.524216
9	-1	-8.48177
9	0	-8.436102
9	1	-8.411507
9	2	-8.431629
9	3	-8.591212
9	4	-8.86061
9	5	-9.175457
9	6	-9.506756
9	7	-9.836177
9	8	-10.17756
9	9	-10.486601
9	10	-10.80514
9	11	-11.10312
9	12	-11.39894
9	13	-11.685361
9	14	-11.966141
9	15	-12.237681
9	16	-12.504421
9	17	-12.75872
9	18	-13.01488
9	19	-13.24754
9	20	-13.49154
9	21	-13.72136
9	22	-13.9522
9	23	-14.17362
9	24	-14.39034
9	25	-14.60166
9	26	-14.81058
9	27	-15.01384
9	28	-15.21034
9	29	-15.40356
9	30	-15.5839
9	31	-15.770421
9	32	-15.94768
9	33	-16.11864
9	34	-16.29082
9	35	-16.448261
9	36	-16.606721
9	37	-16.762361
9	38	-16.90686
9	39	-17.050261
9	40	-17.18628
10	-10	-8.799202
10	-9	-8.771064
10	-8	-8.742508
10	-7	-8.713302
10	-6	-8.683429
10	-5	-8.663546
10	-4	-8.634904
10	-3	-8.59022
10	-2	-8.553582
10	-1	-8.522338
10	0	-8.486243
10	1	-8.456374
10	2	-8.480128
10	3	-8.640539
10	4	-8.912793
10	5	-9.227334
10	6	-9.552982
10	7	-9.885208
10	8	-10.214921
10	9	-10.531801
10	10	-10.847141
10	11	-11.1591
10	12	-11.4565
10	13	-11.734961
10	14	-12.014921
10	15	-12.28226
10	16	-12.55386
10	17	-12.807401
10	18	-13.055021
10	19	-13.2971
10	20	-13.53644
10	21	-13.76148
10	22	-14.00082
10	23	-14.210181
10	24	-14.4345
10	25	-14.65118
10	26	-14.848321
10	27	-15.056181
10	28	-15.252081
10	29	-15.435681
10	30	-15.62432
10	31	-15.80958
10	32	-15.984361
10	33	-16.1572
10	34	-16.323
10	35	-16.48468
10	36	-16.63834
10	37	-16.7878
10	38	-16.93812
10	39	-17.084101
10	40	-17.21924
11	-10	-8.822838
11	-9	-8.803359
11	-8	-8.768446
11	-7	-8.746698
11	-6	-8.721088
11	-5	-8.694958
11	-4	-8.662746
11	-3	-8.627064
11	-2	-8.58538
11	-1	-8.547838
11	0	-8.520616
11	1	-8.50108
11	2	-8.522732
11	3	-8.684093
11	4	-8.967
11	5	-9.262021
11	6	-9.603863
11	7	-9.940974
11	8	-10.255361
11	9	-10.587161
11	10	-10.89658
11	11	-11.19974
11	12	-11.498521
11	13	-11.7772
11	14	-12.054721
11	15	-12.32914
11	16	-12.591701
11	17	-12.846801
11	18	-13.09818
11	19	-13.333421
11	20	-13.571661
11	21	-13.80508
11	22	-14.030841
11	23	-14.25112
11	24	-14.46582
11	25	-14.68338
11	26	-14.882821
11	27	-15.08244
11	28	-15.283941
11	29	-15.46932
11	30	-15.65882
11	31	-15.83956
11	32	-16.01814
11	33	-16.18288
11	34	-16.352781
11	35	-16.51974
11	36	-16.67376
11	37	-16.82684
11	38	-16.9697
11	39	-17.11484
11	40	-17.25084
12	-10	-8.860872
12	-9	-8.83898
12	-8	-8.804842
12	-7	-8.779263
12	-6	-8.757892
12	-5	-8.740239
12	-4	-8.71598
12	-3	-8.669224
12	-2	-8.616452
12	-1	-8.576404
12	0	-8.545898
12	1	-8.523681
12	2	-8.559446
12	3	-8.72977
12	4	-8.990848
12	5	-9.304693
12	6	-9.630944
12	7	-9.975372
12	8	-10.29278
12	9	-10.61672
12	10	-10.931961
12	11	-11.240341
12	12	-11.52966
12	13	-11.81818
12	14	-12.095121
12	15	-12.35858
12	16	-12.617701
12	17	-12.87912
12	18	-13.12202
12	19	-13.361221
12	20	-13.600561
12	21	-13.83202
12	22	-14.052261
12	23	-14.27942
12	24	-14.49686
12	25	-14.703281
12	26	-14.906021
12	27	-15.10832
12	28	-15.30238
12	29	-15.494721
12	30	-15.679381
12	31	-15.86794
12	32	-16.04222
12	33	-16.21442
12	34	-16.3796
12	35	-16.546221
12	36	-16.702121
12	37	-16.85178
12	38	-16.999661
12	39	-17.146341
12	40	-17.2813
13	-10	-8.893779
13	-9	-8.869084
13	-8	-8.834851
13	-7	-8.811298
13	-6	-8.79704
13	-5	-8.770877
13	-4	-8.749392
13	-3	-8.70847
13	-2	-8.649869
13	-1	-8.617266
13	0	-8.583457
13	1	-8.554346
13	2	-8.589472
13	3	-8.756256
13	4	-9.027234
13	5	-9.333624
13	6	-9.672655
13	7	-10.007412
13	8	-10.324001
13	9	-10.6494
13	10	-10.96522
13	11	-11.2651
13	12	-11.5597
13	13	-11.84432
13	14	-12.11788
13	15	-12.38908
13	16	-12.646741
13	17	-12.902101
13	18	-13.154481
13	19	-13.39682
13	20	-13.63234
13	21	-13.86372
13	22	-14.08302
13	23	-14.304781
13	24	-14.5157
13	25	-14.728541
13	26	-14.935321
13	27	-15.13352
13	28	-15.332301
13	29	-15.52754
13	30	-15.71604
13	31	-15.89788
13	32	-16.074561
13	33	-16.240941
13	34	-16.41374
13	35	-16.5782
13	36	-16.72804
13	37	-16.886641
13	38	-17.03696
13	39	-17.17744
13	40	-17.31796
14	-10	-8.937168
14	-9	-8.902236
14	-8	-8.870808
14	-7	-8.844006
14	-6	-8.823228
14	-5	-8.800615
14	-4	-8.783298
14	-3	-8.739015
14	-2	-8.68551
14	-1	-8.649881
14	0	-8.61773
14	1	-8.590253
14	2	-8.61811
14	3	-8.784042
14	4	-9.048344
14	5	-9.369122
14	6	-9.6911
14	7	-10.02308
14	8	-10.34912
14	9	-10.669901
14	10	-10.983221
14	11	-11.2853
14	12	-11.58184
14	13	-11.86378
14	14	-12.14494
14	15	-12.419021
14	16	-12.68082
14	17	-12.93158
14	18	-13.181541
14	19	-13.41964
14	20	-13.65982
14	21	-13.88662
14	22	-14.112461
14	23	-14.330881
14	24	-14.553461
14	25	-14.7596
14	26	-14.96718
14	27	-15.16924
14	28	-15.368701
14	29	-15.55712
14	30	-15.74572
14	31	-15.934021
14	32	-16.106901
14	33	-16.27844
14	34	-16.45052
14	35	-16.61216
14	36	-16.76796
14	37	-16.928981
14	38	-17.073501
14	39	-17.21834
14	40	-17.35696
15	-10	-8.966623
15	-9	-8.932318
15	-8	-8.901092
15	-7	-8.869652
15	-6	-8.850554
15	-5	-8.827677
15	-4	-8.80373
15	-3	-8.761606
15	-2	-8.716039
15	-1	-8.672514
15	0	-8.639032
15	1	-8.62072
15	2	-8.642352
15	3	-8.805942
15	4	-9.077336
15	5	-9.379511
15	6	-9.715336
15	7	-10.05074
15	8	-10.383181
15	9	-10.701161
15	10	-11.018261
15	11	-11.31886
15	12	-11.614761
15	13	-11.90262
15	14	-12.18204
15	15	-12.4503
15	16	-12.710041
15	17	-12.96208
15	18	-13.209601
15	19	-13.452061
15	20	-13.69244
15	21	-13.915121
15	22	-14.149501
15	23	-14.37038
15	24	-14.5847
15	25	-14.794721
15	26	-15.00124
15	27	-15.203021
15	28	-15.40184
15	29	-15.590581
15	30	-15.78114
15	31	-15.961341
15	32	-16.14276
15	33	-16.31636
15	34	-16.48544
15	35	-16.648661
15	36	-16.8079
15	37	-16.96308
15	38	-17.10952
15	39	-17.25424
15	40	-17.39222
16	-10	-8.991072
16	-9	-8.961092
16	-8	-8.927338
16	-7	-8.897517
16	-6	-8.872672
16	-5	-8.846296
16	-4	-8.825936
16	-3	-8.789122
16	-2	-8.73834
16	-1	-8.702256
16	0	-8.67355
16	1	-8.639631
16	2	-8.67268
16	3	-8.833033
16	4	-9.107427
16	5	-9.413078
16	6	-9.74718
16	7	-10.07402
16	8	-10.41092
16	9	-10.73134
16	10	-11.044921
16	11	-11.353761
16	12	-11.6487
16	13	-11.93562
16	14	-12.211121
16	15	-12.48084
16	16	-12.74004
16	17	-12.99758
16	18	-13.25526
16	19	-13.492001
16	20	-13.719121
16	21	-13.958241
16	22	-14.179301
16	23	-14.40364
16	24	-14.616141
16	25	-14.830241
16	26	-15.033441
16	27	-15.237221
16	28	-15.434461
16	29	-15.62808
16	30	-15.8159
16	31	-15.9991
16	32	-16.17716
16	33	-16.34636
16	34	-16.514501
16	35	-16.68598
16	36	-16.837881
16	37	-16.98744
16	38	-17.13982
16	39	-17.28086
16	40	-17.424681
17	-10	-9.011402
17	-9	-8.979724
17	-8	-8.954328
17	-7	-8.924388
17	-6	-8.902411
17	-5	-8.87629
17	-4	-8.847968
17	-3	-8.80772
17	-2	-8.765726
17	-1	-8.73115
17	0	-8.706416
17	1	-8.677282
17	2	-8.705976
17	3	-8.863154
17	4	-9.132108
17	5	-9.440665
17	6	-9.766002
17	7	-10.108581
17	8	-10.447781
17	9	-10.759901
17	10	-11.0867
17	11	-11.38852
17	12	-11.67774
17	13	-11.97098
17	14	-12.2424
17	15	-12.516181
17	16	-12.775121
17	17	-13.035161
17	18	-13.27888
17	19	-13.5274
17	20	-13.7568
17	21	-13.98438
17	22	-14.2111
17	23	-14.43078
17	24	-14.65598
17	25	-14.86074
17	26	-15.0621
17	27	-15.261401
17	28	-15.46358
17	29	-15.654321
17	30	-15.84048
17	31	-16.025121
17	32	-16.19724
17	33	-16.371961
17	34	-16.534221
17	35	-16.706521
17	36	-16.86212
17	37	-17.015801
17	38	-17.1625
17	39	-17.309501
17	40	-17.448321
18	-10	-9.035022
18	-9	-9.00717
18	-8	-8.977378
18	-7	-8.952123
18	-6	-8.92782
18	-5	-8.910086
18	-4	-8.876238
18	-3	-8.827187
18	-2	-8.786817
18	-1	-8.755454
18	0	-8.735794
18	1	-8.705806
18	2	-8.730686
18	3	-8.894036
18	4	-9.15915
18	5	-9.470744
18	6	-9.806838
18	7	-10.13824
18	8	-10.464781
18	9	-10.79302
18	10	-11.11082
18	11	-11.41492
18	12	-11.711581
18	13	-11.992061
18	14	-12.27086
18	15	-12.53986
18	16	-12.804901
18	17	-13.055681
18	18	-13.303781
18	19	-13.54174
18	20	-13.776381
18	21	-14.0118
18	22	-14.23744
18	23	-14.453941
18	24	-14.6712
18	25	-14.88762
18	26	-15.08374
18	27	-15.285
18	28	-15.483341
18	29	-15.673821
18	30	-15.857741
18	31	-16.043781
18	32	-16.22036
18	33	-16.3916
18	34	-16.56514
18	35	-16.718861
18	36	-16.88418
18	37	-17.03184
18	38	-17.1846
18	39	-17.32842
18	40	-17.46892
19	-10	-9.052406
19	-9	-9.02722
19	-8	-8.996135
19	-7	-8.979126
19	-6	-8.954723
19	-5	-8.935811
19	-4	-8.905298
19	-3	-8.862732
19	-2	-8.810992
19	-1	-8.782476
19	0	-8.75637
19	1	-8.735686
19	2	-8.75702
19	3	-8.923468
19	4	-9.185922
19	5	-9.503386
19	6	-9.828636
19	7	-10.16562
19	8	-10.49476
19	9	-10.813461
19	10	-11.13496
19	11	-11.435921
19	12	-11.73104
19	13	-12.01302
19	14	-12.288061
19	15	-12.563781
19	16	-12.82792
19	17	-13.074841
19	18	-13.32856
19	19	-13.568421
19	20	-13.80442
19	21	-14.031541
19	22	-14.259
19	23	-14.47772
19	24	-14.692321
19	25	-14.90564
19	26	-15.10908
19	27	-15.30888
19	28	-15.50372
19	29	-15.69266
19	30	-15.8779
19	31	-16.06542
19	32	-16.244601
19	33	-16.41106
19	34	-16.581
19	35	-16.73846
19	36	-16.90264
19	37	-17.05758
19	38	-17.20314
19	39	-17.34316
19	40	-17.49038
20	-10	-9.080676
20	-9	-9.047866
20	-8	-9.023102
20	-7	-8.997508
20	-6	-8.982247
20	-5	-8.963626
20	-4	-8.933179
20	-3	-8.892342
20	-2	-8.83821
20	-1	-8.807436
20	0	-8.786087
20	1	-8.75403
20	2	-8.770741
20	3	-8.942576
20	4	-9.199814
20	5	-9.51326
20	6	-9.845271
20	7	-10.1873
20	8	-10.512401
20	9	-10.837701
20	10	-11.15202
20	11	-11.457741
20	12	-11.752281
20	13	-12.03714
20	14	-12.312781
20	15	-12.583281
20	16	-12.84972
20	17	-13.10286
20	18	-13.34774
20	19	-13.592301
20	20	-13.829141
20	21	-14.056381
20	22	-14.283781
20	23	-14.50252
20	24	-14.715941
20	25	-14.924861
20	26	-15.132201
20	27	-15.330161
20	28	-15.52898
20	29	-15.719541
20	30	-15.906081
20	31	-16.08404
20	32	-16.264941
20	33	-16.435961
20	34	-16.60218
20	35	-16.760721
20	36	-16.9269
20	37	-17.080741
20	38	-17.23204
20	39	-17.375041
20	40	-17.511101
21	-10	-9.106738
21	-9	-9.075036
21	-8	-9.043098
21	-7	-9.025255
21	-6	-9.00183
21	-5	-8.987828
21	-4	-8.960321
21	-3	-8.907173
21	-2	-8.861038
21	-1	-8.826164
21	0	-8.806667
21	1	-8.773414
21	2	-8.783768
21	3	-8.958864
21	4	-9.219121
21	5	-9.537995
21	6	-9.869141
21	7	-10.199661
21	8	-10.532721
21	9	-10.85922
21	10	-11.1701
21	11	-11.47766
21	12	-11.774181
21	13	-12.060121
21	14	-12.33618
21	15	-12.606721
21	16	-12.869901
21	17	-13.1216
21	18	-13.370141
21	19	-13.61908
21	20	-13.8503
21	21	-14.08414
21	22	-14.30264
21	23	-14.52294
21	24	-14.740681
21	25	-14.95082
21	26	-15.15424
21	27	-15.358781
21	28	-15.546601
21	29	-15.739761
21	30	-15.92872
21	31	-16.11264
21	32	-16.28672
21	33	-16.46122
21	34	-16.629941
21	35	-16.79186
21	36	-16.951221
21	37	-17.109361
21	38	-17.251721
21	39	-17.40104
21	40	-17.53678
22	-10	-9.127772
22	-9	-9.0975
22	-8	-9.068928
22	-7	-9.04186
22	-6	-9.023604
22	-5	-9.000873
22	-4	-8.972482
22	-3	-8.933362
22	-2	-8.884862
22	-1	-8.851938
22	0	-8.824235
22	1	-8.790468
22	2	-8.809988
22	3	-8.976958
22	4	-9.242795
22	5	-9.557612
22	6	-9.884544
22	7	-10.219841
22	8	-10.548021
22	9	-10.874301
22	10	-11.19336
22	11	-11.49786
22	12	-11.796261
22	13	-12.081081
22	14	-12.35772
22	15	-12.63314
22	16	-12.895421
22	17	-13.14718
22	18	-13.39958
22	19	-13.637881
22	20	-13.8775
22	21	-14.102781
22	22	-14.332981
22	23	-14.55324
22	24	-14.77106
22	25	-14.973301
22	26	-15.178781
22	27	-15.37714
22	28	-15.57994
22	29	-15.7682
22	30	-15.95536
22	31	-16.13626
22	32	-16.315921
22	33	-16.486141
22	34	-16.65644
22	35	-16.81702
22	36	-16.97436
22	37	-17.12938
22	38	-17.2824
22	39	-17.4215
22	40	-17.563561
23	-10	-9.146017
23	-9	-9.115621
23	-8	-9.087748
23	-7	-9.064924
23	-6	-9.04587
23	-5	-9.020143
23	-4	-8.988476
23	-3	-8.950468
23	-2	-8.90555
23	-1	-8.871998
23	0	-8.851424
23	1	-8.809776
23	2	-8.83097
23	3	-8.999068
23	4	-9.270988
23	5	-9.573971
23	6	-9.914192
23	7	-10.24542
23	8	-10.56698
23	9	-10.8998
23	10	-11.2206
23	11	-11.521341
23	12	-11.816541
23	13	-12.10086
23	14	-12.384481
23	15	-12.654441
23	16	-12.92138
23	17	-13.17496
23	18	-13.428141
23	19	-13.6671
23	20	-13.90108
23	21	-14.12994
23	22	-14.35674
23	23	-14.57698
23	24	-14.786521
23	25	-14.996961
23	26	-15.203601
23	27	-15.40306
23	28	-15.602401
23	29	-15.79428
23	30	-15.979741
23	31	-16.15954
23	32	-16.33638
23	33	-16.50672
23	34	-16.67556
23	35	-16.84262
23	36	-17.002001
23	37	-17.15352
23	38	-17.3022
23	39	-17.44648
23	40	-17.58422
24	-10	-9.165876
24	-9	-9.135236
24	-8	-9.111014
24	-7	-9.083594
24	-6	-9.062767
24	-5	-9.034014
24	-4	-9.009
24	-3	-8.96916
24	-2	-8.929299
24	-1	-8.893359
24	0	-8.871128
24	1	-8.835199
24	2	-8.852521
24	3	-9.025997
24	4	-9.284432
24	5	-9.605285
24	6	-9.934742
24	7	-10.265361
24	8	-10.59326
24	9	-10.90848
24	10	-11.234541
24	11	-11.53936
24	12	-11.833961
24	13	-12.127721
24	14	-12.40412
24	15	-12.675541
24	16	-12.936721
24	17	-13.19998
24	18	-13.44106
24	19	-13.69006
24	20	-13.92048
24	21	-14.152141
24	22	-14.38012
24	23	-14.597461
24	24	-14.812181
24	25	-15.01934
24	26	-15.22362
24	27	-15.425601
24	28	-15.619201
24	29	-15.80864
24	30	-15.998821
24	31	-16.184161
24	32	-16.35574
24	33	-16.52942
24	34	-16.69912
24	35	-16.859841
24	36	-17.01632
24	37	-17.1754
24	38	-17.3209
24	39	-17.46688
24	40	-17.60376
25	-10	-9.179892
25	-9	-9.155226
25	-8	-9.128886
25	-7	-9.104222
25	-6	-9.082752
25	-5	-9.052408
25	-4	-9.028204
25	-3	-8.984002
25	-2	-8.944276
25	-1	-8.91524
25	0	-8.888965
25	1	-8.854005
25	2	-8.867525
25	3	-9.038116
25	4	-9.309046
25	5	-9.626438
25	6	-9.946191
25	7	-10.28498
25	8	-10.614221
25	9	-10.937661
25	10	-11.2544
25	11	-11.561161
25	12	-11.85498
25	13	-12.14886
25	14	-12.421841
25	15	-12.69388
25	16	-12.95708
25	17	-13.21156
25	18	-13.465101
25	19	-13.712041
25	20	-13.94126
25	21	-14.172301
25	22	-14.39622
25	23	-14.61574
25	24	-14.832241
25	25	-15.03776
25	26	-15.247801
25	27	-15.4417
25	28	-15.63988
25	29	-15.833661
25	30	-16.016341
25	31	-16.200421
25	32	-16.378221
25	33	-16.54942
25	34	-16.715441
25	35	-16.87872
25	36	-17.02994
25	37	-17.18782
25	38	-17.33498
25	39	-17.48192
25	40	-17.62272
26	-10	-9.198634
26	-9	-9.173339
26	-8	-9.14582
26	-7	-9.127011
26	-6	-9.103837
26	-5	-9.077468
26	-4	-9.048316
26	-3	-9.010776
26	-2	-8.960314
26	-1	-8.933432
26	0	-8.907584
26	1	-8.873144
26	2	-8.890809
26	3	-9.058312
26	4	-9.32531
26	5	-9.643779
26	6	-9.969939
26	7	-10.2958
26	8	-10.634961
26	9	-10.95484
26	10	-11.272761
26	11	-11.58074
26	12	-11.877161
26	13	-12.1631
26	14	-12.44428
26	15	-12.71396
26	16	-12.979821
26	17	-13.2364
26	18	-13.4807
26	19	-13.72336
26	20	-13.95802
26	21	-14.18844
26	22	-14.41054
26	23	-14.6297
26	24	-14.84724
26	25	-15.05668
26	26	-15.26258
26	27	-15.46456
26	28	-15.6582
26	29	-15.84944
26	30	-16.0395
26	31	-16.218321
26	32	-16.3947
26	33	-16.5643
26	34	-16.73232
26	35	-16.89322
26	36	-17.0498
26	37	-17.207721
26	38	-17.353981
26	39	-17.498541
26	40	-17.63706
27	-10	-9.218377
27	-9	-9.18879
27	-8	-9.164473
27	-7	-9.142094
27	-6	-9.117064
27	-5	-9.097369
27	-4	-9.067434
27	-3	-9.024815
27	-2	-8.985007
27	-1	-8.952708
27	0	-8.922479
27	1	-8.891821
27	2	-8.909228
27	3	-9.082339
27	4	-9.349926
27	5	-9.655625
27	6	-9.986063
27	7	-10.326821
27	8	-10.65154
27	9	-10.972801
27	10	-11.29246
27	11	-11.594301
27	12	-11.888041
27	13	-12.175781
27	14	-12.45746
27	15	-12.72686
27	16	-12.992001
27	17	-13.24788
27	18	-13.503441
27	19	-13.740301
27	20	-13.97636
27	21	-14.205661
27	22	-14.43028
27	23	-14.653461
27	24	-14.86714
27	25	-15.075061
27	26	-15.282801
27	27	-15.478801
27	28	-15.674521
27	29	-15.869041
27	30	-16.053521
27	31	-16.235941
27	32	-16.411481
27	33	-16.584681
27	34	-16.748901
27	35	-16.909181
27	36	-17.070001
27	37	-17.22232
27	38	-17.36914
27	39	-17.51574
27	40	-17.65438
28	-10	-9.230758
28	-9	-9.208918
28	-8	-9.177162
28	-7	-9.161448
28	-6	-9.136586
28	-5	-9.11418
28	-4	-9.086968
28	-3	-9.046523
28	-2	-9.003738
28	-1	-8.972288
28	0	-8.940874
28	1	-8.902024
28	2	-8.932641
28	3	-9.102797
28	4	-9.359436
28	5	-9.677199
28	6	-10.002722
28	7	-10.3349
28	8	-10.67012
28	9	-10.990401
28	10	-11.305761
28	11	-11.61414
28	12	-11.906381
28	13	-12.19758
28	14	-12.476121
28	15	-12.740201
28	16	-13.014781
28	17	-13.265821
28	18	-13.5107
28	19	-13.75126
28	20	-13.98844
28	21	-14.223421
28	22	-14.451581
28	23	-14.669561
28	24	-14.8838
28	25	-15.094221
28	26	-15.296641
28	27	-15.49722
28	28	-15.6948
28	29	-15.882601
28	30	-16.071741
28	31	-16.24992
28	32	-16.433341
28	33	-16.595601
28	34	-16.76456
28	35	-16.93062
28	36	-17.08904
28	37	-17.24042
28	38	-17.388461
28	39	-17.53134
28	40	-17.67034
29	-10	-9.249285
29	-9	-9.21999
29	-8	-9.198744
29	-7	-9.173012
29	-6	-9.151942
29	-5	-9.128006
29	-4	-9.099339
29	-3	-9.063262
29	-2	-9.022515
29	-1	-8.989686
29	0	-8.957869
29	1	-8.92611
29	2	-8.940829
29	3	-9.10627
29	4	-9.37625
29	5	-9.687089
29	6	-10.021881
29	7	-10.350761
29	8	-10.69316
29	9	-11.012921
29	10	-11.3275
29	11	-11.6265
29	12	-11.92628
29	13	-12.21308
29	14	-12.49414
29	15	-12.760201
29	16	-13.026061
29	17	-13.282061
29	18	-13.53164
29	19	-13.775061
29	20	-14.007761
29	21	-14.24266
29	22	-14.4681
29	23	-14.6864
29	24	-14.90078
29	25	-15.113221
29	26	-15.31298
29	27	-15.51284
29	28	-15.713181
29	29	-15.905861
29	30	-16.093021
29	31	-16.274561
29	32	-16.45204
29	33	-16.62464
29	34	-16.785421
29	35	-16.9543
29	36	-17.10426
29	37	-17.2617
29	38	-17.41298
29	39	-17.5542
29	40	-17.69266
30	-10	-9.265221
30	-9	-9.239836
30	-8	-9.215398
30	-7	-9.186059
30	-6	-9.16476
30	-5	-9.144098
30	-4	-9.113898
30	-3	-9.07795
30	-2	-9.039716
30	-1	-9.008881
30	0	-8.97041
30	1	-8.938729
30	2	-8.96194
30	3	-9.132288
30	4	-9.397822
30	5	-9.706893
30	6	-10.043681
30	7	-10.37124
30	8	-10.71154
30	9	-11.02754
30	10	-11.34748
30	11	-11.641101
30	12	-11.94026
30	13	-12.22938
30	14	-12.508201
30	15	-12.7819
30	16	-13.046181
30	17	-13.29834
30	18	-13.550261
30	19	-13.79504
30	20	-14.03402
30	21	-14.265081
30	22	-14.48834
30	23	-14.707
30	24	-14.92034
30	25	-15.12972
30	26	-15.336001
30	27	-15.537881
30	28	-15.73226
30	29	-15.92312
30	30	-16.1111
30	31	-16.292101
30	32	-16.46656
30	33	-16.63552
30	34	-16.80202
30	35	-16.96952
30	36	-17.12526
30	37	-17.281901
30	38	-17.42912
30	39	-17.57026
30	40	-17.71158
31	-10	-9.274634
31	-9	-9.253614
31	-8	-9.225512
31	-7	-9.202483
31	-6	-9.183102
31	-5	-9.158788
31	-4	-9.134076
31	-3	-9.092081
31	-2	-9.054646
31	-1	-9.021748
31	0	-8.987418
31	1	-8.953534
31	2	-8.974112
31	3	-9.15258
31	4	-9.417572
31	5	-9.729354
31	6	-10.064901
31	7	-10.391201
31	8	-10.72192
31	9	-11.04072
31	10	-11.362021
31	11	-11.6676
31	12	-11.957041
31	13	-12.24764
31	14	-12.5258
31	15	-12.79582
31	16	-13.055861
31	17	-13.3164
31	18	-13.56746
31	19	-13.808781
31	20	-14.046661
31	21	-14.273
31	22	-14.50692
31	23	-14.72684
31	24	-14.942581
31	25	-15.14788
31	26	-15.3549
31	27	-15.5546
31	28	-15.74994
31	29	-15.93904
31	30	-16.123461
31	31	-16.304801
31	32	-16.47922
31	33	-16.65786
31	34	-16.823001
31	35	-16.985341
31	36	-17.144141
31	37	-17.2972
31	38	-17.44322
31	39	-17.58472
31	40	-17.7283
32	-10	-9.290954
32	-9	-9.265206
32	-8	-9.240946
32	-7	-9.213245
32	-6	-9.196812
32	-5	-9.174528
32	-4	-9.145196
32	-3	-9.111272
32	-2	-9.062922
32	-1	-9.03655
32	0	-9.008054
32	1	-8.974448
32	2	-8.984218
32	3	-9.164856
32	4	-9.435548
32	5	-9.744701
32	6	-10.077861
32	7	-10.407721
32	8	-10.738101
32	9	-11.065801
32	10	-11.37292
32	11	-11.679681
32	12	-11.9718
32	13	-12.25826
32	14	-12.53864
32	15	-12.80822
32	16	-13.07592
32	17	-13.329841
32	18	-13.5791
32	19	-13.81758
32	20	-14.057381
32	21	-14.28776
32	22	-14.5137
32	23	-14.735821
32	24	-14.95456
32	25	-15.160041
32	26	-15.36312
32	27	-15.56798
32	28	-15.758161
32	29	-15.95462
32	30	-16.13794
32	31	-16.315941
32	32	-16.497201
32	33	-16.665961
32	34	-16.83558
32	35	-16.99376
32	36	-17.155161
32	37	-17.307281
32	38	-17.456781
32	39	-17.59888
32	40	-17.737041
33	-10	-9.301923
33	-9	-9.277817
33	-8	-9.257978
33	-7	-9.230588
33	-6	-9.208403
33	-5	-9.187354
33	-4	-9.16288
33	-3	-9.125578
33	-2	-9.08165
33	-1	-9.051894
33	0	-9.023674
33	1	-8.979167
33	2	-9.007002
33	3	-9.180475
33	4	-9.450729
33	5	-9.763061
33	6	-10.0866
33	7	-10.4211
33	8	-10.75054
33	9	-11.06638
33	10	-11.382201
33	11	-11.688641
33	12	-11.988061
33	13	-12.270421
33	14	-12.54954
33	15	-12.82294
33	16	-13.087101
33	17	-13.3405
33	18	-13.59184
33	19	-13.83698
33	20	-14.071061
33	21	-14.301061
33	22	-14.52664
33	23	-14.74862
33	24	-14.96474
33	25	-15.17082
33	26	-15.37464
33	27	-15.582461
33	28	-15.77542
33	29	-15.9688
33	30	-16.15362
33	31	-16.333941
33	32	-16.51474
33	33	-16.6859
33	34	-16.845761
33	35	-17.01078
33	36	-17.16918
33	37	-17.32388
33	38	-17.47388
33	39	-17.61352
33	40	-17.74898
34	-10	-9.317292
34	-9	-9.296166
34	-8	-9.270732
34	-7	-9.245456
34	-6	-9.221119
34	-5	-9.202179
34	-4	-9.181938
34	-3	-9.141064
34	-2	-9.099135
34	-1	-9.060123
34	0	-9.035026
34	1	-9.002359
34	2	-9.03073
34	3	-9.185569
34	4	-9.458153
34	5	-9.774314
34	6	-10.099581
34	7	-10.436861
34	8	-10.76448
34	9	-11.09036
34	10	-11.398061
34	11	-11.70874
34	12	-12.002781
34	13	-12.287881
34	14	-12.5629
34	15	-12.834481
34	16	-13.0995
34	17	-13.35462
34	18	-13.60766
34	19	-13.849701
34	20	-14.08388
34	21	-14.3155
34	22	-14.53774
34	23	-14.7616
34	24	-14.97616
34	25	-15.185641
34	26	-15.388101
34	27	-15.59038
34	28	-15.784261
34	29	-15.973741
34	30	-16.164621
34	31	-16.344181
34	32	-16.526681
34	33	-16.6982
34	34	-16.85912
34	35	-17.0213
34	36	-17.181521
34	37	-17.33466
34	38	-17.48004
34	39	-17.62532
34	40	-17.768921
35	-10	-9.324308
35	-9	-9.305546
35	-8	-9.277008
35	-7	-9.260338
35	-6	-9.23473
35	-5	-9.212398
35	-4	-9.189146
35	-3	-9.153268
35	-2	-9.109538
35	-1	-9.075158
35	0	-9.048714
35	1	-9.016492
35	2	-9.034818
35	3	-9.204639
35	4	-9.473934
35	5	-9.789122
35	6	-10.118201
35	7	-10.45298
35	8	-10.77636
35	9	-11.10218
35	10	-11.414381
35	11	-11.72328
35	12	-12.014941
35	13	-12.29936
35	14	-12.584401
35	15	-12.849761
35	16	-13.110841
35	17	-13.368801
35	18	-13.617061
35	19	-13.8549
35	20	-14.09084
35	21	-14.328181
35	22	-14.545741
35	23	-14.77288
35	24	-14.985221
35	25	-15.195261
35	26	-15.40092
35	27	-15.60358
35	28	-15.79824
35	29	-15.99682
35	30	-16.1742
35	31	-16.35802
35	32	-16.53668
35	33	-16.70758
35	34	-16.87488
35	35	-17.03656
35	36	-17.192861
35	37	-17.3511
35	38	-17.49576
35	39	-17.63936
35	40	-17.7779
36	-10	-9.338838
36	-9	-9.310033
36	-8	-9.288058
36	-7	-9.266301
36	-6	-9.246122
36	-5	-9.226534
36	-4	-9.197873
36	-3	-9.168302
36	-2	-9.123836
36	-1	-9.08707
36	0	-9.057976
36	1	-9.026852
36	2	-9.049828
36	3	-9.221128
36	4	-9.491588
36	5	-9.802701
36	6	-10.133781
36	7	-10.46504
36	8	-10.79346
36	9	-11.11618
36	10	-11.423561
36	11	-11.7301
36	12	-12.0335
36	13	-12.31234
36	14	-12.594041
36	15	-12.859701
36	16	-13.12536
36	17	-13.381541
36	18	-13.628801
36	19	-13.8707
36	20	-14.105681
36	21	-14.337901
36	22	-14.55838
36	23	-14.781681
36	24	-14.992761
36	25	-15.21026
36	26	-15.416221
36	27	-15.61806
36	28	-15.81294
36	29	-16.000741
36	30	-16.18786
36	31	-16.37508
36	32	-16.551281
36	33	-16.72192
36	34	-16.89018
36	35	-17.05066
36	36	-17.21066
36	37	-17.3584
36	38	-17.506941
36	39	-17.65078
36	40	-17.79316
37	-10	-9.340552
37	-9	-9.318678
37	-8	-9.294316
37	-7	-9.272638
37	-6	-9.253593
37	-5	-9.241244
37	-4	-9.219554
37	-3	-9.181894
37	-2	-9.13771
37	-1	-9.099458
37	0	-9.062848
37	1	-9.041508
37	2	-9.071801
37	3	-9.237834
37	4	-9.507519
37	5	-9.812796
37	6	-10.14384
37	7	-10.48146
37	8	-10.805261
37	9	-11.133401
37	10	-11.44226
37	11	-11.751561
37	12	-12.04222
37	13	-12.32726
37	14	-12.60842
37	15	-12.872701
37	16	-13.14022
37	17	-13.392041
37	18	-13.640801
37	19	-13.87952
37	20	-14.119101
37	21	-14.353481
37	22	-14.579481
37	23	-14.7981
37	24	-15.00976
37	25	-15.225201
37	26	-15.42824
37	27	-15.62756
37	28	-15.82568
37	29	-16.01652
37	30	-16.20192
37	31	-16.38664
37	32	-16.56278
37	33	-16.733621
37	34	-16.90174
37	35	-17.06524
37	36	-17.22022
37	37	-17.37542
37	38	-17.52056
37	39	-17.6676
37	40	-17.80458
38	-10	-9.349873
38	-9	-9.329527
38	-8	-9.301798
38	-7	-9.281794
38	-6	-9.265218
38	-5	-9.245998
38	-4	-9.222889
38	-3	-9.194778
38	-2	-9.1505
38	-1	-9.11245
38	0	-9.079868
38	1	-9.055524
38	2	-9.080762
38	3	-9.246646
38	4	-9.515082
38	5	-9.83047
38	6	-10.159261
38	7	-10.497301
38	8	-10.82304
38	9	-11.1455
38	10	-11.45132
38	11	-11.76332
38	12	-12.055501
38	13	-12.342481
38	14	-12.62456
38	15	-12.88776
38	16	-13.15306
38	17	-13.40224
38	18	-13.65058
38	19	-13.897641
38	20	-14.13082
38	21	-14.362201
38	22	-14.5852
38	23	-14.80488
38	24	-15.022661
38	25	-15.234161
38	26	-15.43646
38	27	-15.643741
38	28	-15.836821
38	29	-16.02804
38	30	-16.21378
38	31	-16.398521
38	32	-16.57032
38	33	-16.743841
38	34	-16.911641
38	35	-17.07536
38	36	-17.230241
38	37	-17.386481
38	38	-17.53648
38	39	-17.679661
38	40	-17.81804
39	-10	-9.35804
39	-9	-9.336857
39	-8	-9.309931
39	-7	-9.2885
39	-6	-9.27064
39	-5	-9.256045
39	-4	-9.231861
39	-3	-9.202426
39	-2	-9.163224
39	-1	-9.124202
39	0	-9.097169
39	1	-9.066245
39	2	-9.098034
39	3	-9.271366
39	4	-9.531072
39	5	-9.852588
39	6	-10.178781
39	7	-10.515481
39	8	-10.83036
39	9	-11.15872
39	10	-11.4679
39	11	-11.77614
39	12	-12.070141
39	13	-12.35486
39	14	-12.63122
39	15	-12.90012
39	16	-13.16296
39	17	-13.41952
39	18	-13.6613
39	19	-13.90102
39	20	-14.1368
39	21	-14.371501
39	22	-14.595241
39	23	-14.816461
39	24	-15.031501
39	25	-15.2405
39	26	-15.44604
39	27	-15.648481
39	28	-15.844001
39	29	-16.039461
39	30	-16.22484
39	31	-16.40424
39	32	-16.58492
39	33	-16.753441
39	34	-16.922121
39	35	-17.08352
39	36	-17.24436
39	37	-17.394081
39	38	-17.54362
39	39	-17.688201
39	40	-17.82522
40	-10	-9.366882
40	-9	-9.341751
40	-8	-9.317942
40	-7	-9.295362
40	-6	-9.276384
40	-5	-9.264178
40	-4	-9.243389
40	-3	-9.206054
40	-2	-9.171704
40	-1	-9.137964
40	0	-9.107979
40	1	-9.079617
40	2	-9.1085
40	3	-9.274812
40	4	-9.547083
40	5	-9.857177
40	6	-10.181001
40	7	-10.51998
40	8	-10.846201
40	9	-11.170561
40	10	-11.484661
40	11	-11.78608
40	12	-12.08
40	13	-12.37114
40	14	-12.64266
40	15	-12.914061
40	16	-13.16988
40	17	-13.42868
40	18	-13.672461
40	19	-13.9165
40	20	-14.152801
40	21	-14.377921
40	22	-14.608601
40	23	-14.82752
40	24	-15.04118
40	25	-15.251561
40	26	-15.4539
40	27	-15.65324
40	28	-15.8546
40	29	-16.04872
40	30	-16.23134
40	31	-16.412181
40	32	-16.591261
40	33	-16.76058
40	34	-16.92712
40	35	-17.089381
40	36	-17.25034
40	37	-17.4022
40	38	-17.55392
40	39	-17.69518
40	40	-17.83646